0.5 0.5 0.5 0.5
1.000000000 0.000000000 0.000000000 0.000000000 0.000000000 1.000000000 0.000000000 0.000000000 0.000000000 0.000000000 1.000000000 0.000000000 0.000000000 0.000000000 0.000000000 1.000000000
0.999761999 0.000000000 -0.021814885 0.000000000 0.000000000 1.000000000 0.000000000 0.000000000 0.021814885 0.000000000 0.999761999 0.000000000 0.000000000 0.000000000 0.000000000 1.000000000
0.999048233 0.000000000 -0.043619387 0.000000000 0.000000000 1.000000000 0.000000000 0.000000000 0.043619387 0.000000000 0.999048233 0.000000000 0.000000000 0.000000000 0.000000000 1.000000000
0.997858942 0.000000000 -0.065403126 0.000000000 0.000000000 1.000000000 0.000000000 0.000000000 0.065403126 0.000000000 0.997858942 0.000000000 0.000000000 0.000000000 0.000000000 1.000000000
0.996194720 0.000000000 -0.087155744 0.000000000 0.000000000 1.000000000 0.000000000 0.000000000 0.087155744 0.000000000 0.996194720 0.000000000 0.000000000 0.000000000 0.000000000 1.000000000
0.994056344 0.000000000 -0.108866878 0.000000000 0.000000000 1.000000000 0.000000000 0.000000000 0.108866878 0.000000000 0.994056344 0.000000000 0.000000000 0.000000000 0.000000000 1.000000000
0.991444886 0.000000000 -0.130526185 0.000000000 0.000000000 1.000000000 0.000000000 0.000000000 0.130526185 0.000000000 0.991444886 0.000000000 0.000000000 0.000000000 0.000000000 1.000000000
0.988361537 0.000000000 -0.152123392 0.000000000 0.000000000 1.000000000 0.000000000 0.000000000 0.152123392 0.000000000 0.988361537 0.000000000 0.000000000 0.000000000 0.000000000 1.000000000
0.984807730 0.000000000 -0.173648179 0.000000000 0.000000000 1.000000000 0.000000000 0.000000000 0.173648179 0.000000000 0.984807730 0.000000000 0.000000000 0.000000000 0.000000000 1.000000000
0.980785251 0.000000000 -0.195090324 0.000000000 0.000000000 1.000000000 0.000000000 0.000000000 0.195090324 0.000000000 0.980785251 0.000000000 0.000000000 0.000000000 0.000000000 1.000000000
0.976296008 0.000000000 -0.216439620 0.000000000 0.000000000 1.000000000 0.000000000 0.000000000 0.216439620 0.000000000 0.976296008 0.000000000 0.000000000 0.000000000 0.000000000 1.000000000
0.971342087 0.000000000 -0.237685889 0.000000000 0.000000000 1.000000000 0.000000000 0.000000000 0.237685889 0.000000000 0.971342087 0.000000000 0.000000000 0.000000000 0.000000000 1.000000000
0.965925813 0.000000000 -0.258819044 0.000000000 0.000000000 1.000000000 0.000000000 0.000000000 0.258819044 0.000000000 0.965925813 0.000000000 0.000000000 0.000000000 0.000000000 1.000000000
0.960049868 0.000000000 -0.279829025 0.000000000 0.000000000 1.000000000 0.000000000 0.000000000 0.279829025 0.000000000 0.960049868 0.000000000 0.000000000 0.000000000 0.000000000 1.000000000
0.953716934 0.000000000 -0.300705791 0.000000000 0.000000000 1.000000000 0.000000000 0.000000000 0.300705791 0.000000000 0.953716934 0.000000000 0.000000000 0.000000000 0.000000000 1.000000000
0.946930110 0.000000000 -0.321439475 0.000000000 0.000000000 1.000000000 0.000000000 0.000000000 0.321439475 0.000000000 0.946930110 0.000000000 0.000000000 0.000000000 0.000000000 1.000000000
0.939692616 0.000000000 -0.342020154 0.000000000 0.000000000 1.000000000 0.000000000 0.000000000 0.342020154 0.000000000 0.939692616 0.000000000 0.000000000 0.000000000 0.000000000 1.000000000
0.932007849 0.000000000 -0.362438053 0.000000000 0.000000000 1.000000000 0.000000000 0.000000000 0.362438053 0.000000000 0.932007849 0.000000000 0.000000000 0.000000000 0.000000000 1.000000000
0.923879504 0.000000000 -0.382683426 0.000000000 0.000000000 1.000000000 0.000000000 0.000000000 0.382683426 0.000000000 0.923879504 0.000000000 0.000000000 0.000000000 0.000000000 1.000000000
0.915311456 0.000000000 -0.402746677 0.000000000 0.000000000 1.000000000 0.000000000 0.000000000 0.402746677 0.000000000 0.915311456 0.000000000 0.000000000 0.000000000 0.000000000 1.000000000
0.906307817 0.000000000 -0.422618270 0.000000000 0.000000000 1.000000000 0.000000000 0.000000000 0.422618270 0.000000000 0.906307817 0.000000000 0.000000000 0.000000000 0.000000000 1.000000000
0.896872759 0.000000000 -0.442288697 0.000000000 0.000000000 1.000000000 0.000000000 0.000000000 0.442288697 0.000000000 0.896872759 0.000000000 0.000000000 0.000000000 0.000000000 1.000000000
0.887010813 0.000000000 -0.461748600 0.000000000 0.000000000 1.000000000 0.000000000 0.000000000 0.461748600 0.000000000 0.887010813 0.000000000 0.000000000 0.000000000 0.000000000 1.000000000
0.876726747 0.000000000 -0.480988771 0.000000000 0.000000000 1.000000000 0.000000000 0.000000000 0.480988771 0.000000000 0.876726747 0.000000000 0.000000000 0.000000000 0.000000000 1.000000000
0.866025388 0.000000000 -0.500000000 0.000000000 0.000000000 1.000000000 0.000000000 0.000000000 0.500000000 0.000000000 0.866025388 0.000000000 0.000000000 0.000000000 0.000000000 1.000000000
0.854911864 0.000000000 -0.518773258 0.000000000 0.000000000 1.000000000 0.000000000 0.000000000 0.518773258 0.000000000 0.854911864 0.000000000 0.000000000 0.000000000 0.000000000 1.000000000
0.843391418 0.000000000 -0.537299633 0.000000000 0.000000000 1.000000000 0.000000000 0.000000000 0.537299633 0.000000000 0.843391418 0.000000000 0.000000000 0.000000000 0.000000000 1.000000000
0.831469595 0.000000000 -0.555570245 0.000000000 0.000000000 1.000000000 0.000000000 0.000000000 0.555570245 0.000000000 0.831469595 0.000000000 0.000000000 0.000000000 0.000000000 1.000000000
0.819152057 0.000000000 -0.573576450 0.000000000 0.000000000 1.000000000 0.000000000 0.000000000 0.573576450 0.000000000 0.819152057 0.000000000 0.000000000 0.000000000 0.000000000 1.000000000
0.806444585 0.000000000 -0.591309667 0.000000000 0.000000000 1.000000000 0.000000000 0.000000000 0.591309667 0.000000000 0.806444585 0.000000000 0.000000000 0.000000000 0.000000000 1.000000000
0.793353319 0.000000000 -0.608761430 0.000000000 0.000000000 1.000000000 0.000000000 0.000000000 0.608761430 0.000000000 0.793353319 0.000000000 0.000000000 0.000000000 0.000000000 1.000000000
0.779884458 0.000000000 -0.625923455 0.000000000 0.000000000 1.000000000 0.000000000 0.000000000 0.625923455 0.000000000 0.779884458 0.000000000 0.000000000 0.000000000 0.000000000 1.000000000
0.766044438 0.000000000 -0.642787635 0.000000000 0.000000000 1.000000000 0.000000000 0.000000000 0.642787635 0.000000000 0.766044438 0.000000000 0.000000000 0.000000000 0.000000000 1.000000000
0.751839817 0.000000000 -0.659345806 0.000000000 0.000000000 1.000000000 0.000000000 0.000000000 0.659345806 0.000000000 0.751839817 0.000000000 0.000000000 0.000000000 0.000000000 1.000000000
0.737277329 0.000000000 -0.675590217 0.000000000 0.000000000 1.000000000 0.000000000 0.000000000 0.675590217 0.000000000 0.737277329 0.000000000 0.000000000 0.000000000 0.000000000 1.000000000
0.722363949 0.000000000 -0.691513062 0.000000000 0.000000000 1.000000000 0.000000000 0.000000000 0.691513062 0.000000000 0.722363949 0.000000000 0.000000000 0.000000000 0.000000000 1.000000000
0.707106769 0.000000000 -0.707106769 0.000000000 0.000000000 1.000000000 0.000000000 0.000000000 0.707106769 0.000000000 0.707106769 0.000000000 0.000000000 0.000000000 0.000000000 1.000000000
0.691513062 -0.000000000 -0.722363949 -0.000000000 0.000000000 1.000000000 0.000000000 0.000000000 0.722363949 0.000000000 0.691513062 0.000000000 0.000000000 0.000000000 0.000000000 1.000000000
0.675590217 -0.000000000 -0.737277329 -0.000000000 0.000000000 1.000000000 0.000000000 0.000000000 0.737277329 0.000000000 0.675590217 0.000000000 0.000000000 0.000000000 0.000000000 1.000000000
0.659345806 -0.000000000 -0.751839817 -0.000000000 0.000000000 1.000000000 0.000000000 0.000000000 0.751839817 0.000000000 0.659345806 0.000000000 0.000000000 0.000000000 0.000000000 1.000000000
0.642787635 -0.000000000 -0.766044438 -0.000000000 0.000000000 1.000000000 0.000000000 0.000000000 0.766044438 0.000000000 0.642787635 0.000000000 0.000000000 0.000000000 0.000000000 1.000000000
0.625923455 -0.000000000 -0.779884458 -0.000000000 0.000000000 1.000000000 0.000000000 0.000000000 0.779884458 0.000000000 0.625923455 0.000000000 0.000000000 0.000000000 0.000000000 1.000000000
0.608761430 -0.000000000 -0.793353319 -0.000000000 0.000000000 1.000000000 0.000000000 0.000000000 0.793353319 0.000000000 0.608761430 0.000000000 0.000000000 0.000000000 0.000000000 1.000000000
0.591309667 -0.000000000 -0.806444585 -0.000000000 0.000000000 1.000000000 0.000000000 0.000000000 0.806444585 0.000000000 0.591309667 0.000000000 0.000000000 0.000000000 0.000000000 1.000000000
0.573576450 -0.000000000 -0.819152057 -0.000000000 0.000000000 1.000000000 0.000000000 0.000000000 0.819152057 0.000000000 0.573576450 0.000000000 0.000000000 0.000000000 0.000000000 1.000000000
0.555570245 -0.000000000 -0.831469595 -0.000000000 0.000000000 1.000000000 0.000000000 0.000000000 0.831469595 0.000000000 0.555570245 0.000000000 0.000000000 0.000000000 0.000000000 1.000000000
0.537299633 -0.000000000 -0.843391418 -0.000000000 0.000000000 1.000000000 0.000000000 0.000000000 0.843391418 0.000000000 0.537299633 0.000000000 0.000000000 0.000000000 0.000000000 1.000000000
0.518773258 -0.000000000 -0.854911864 -0.000000000 0.000000000 1.000000000 0.000000000 0.000000000 0.854911864 0.000000000 0.518773258 0.000000000 0.000000000 0.000000000 0.000000000 1.000000000
0.500000000 -0.000000000 -0.866025388 -0.000000000 0.000000000 1.000000000 0.000000000 0.000000000 0.866025388 0.000000000 0.500000000 0.000000000 0.000000000 0.000000000 0.000000000 1.000000000
0.500000000 -0.000000000 -0.866025388 -0.000000000 0.000000000 1.000000000 0.000000000 0.000000000 0.866025388 0.000000000 0.500000000 0.000000000 0.000000000 0.000000000 0.000000000 1.000000000
0.518773258 -0.000000000 -0.854911864 -0.000000000 0.000000000 1.000000000 0.000000000 0.000000000 0.854911864 0.000000000 0.518773258 0.000000000 0.000000000 0.000000000 0.000000000 1.000000000
0.537299633 -0.000000000 -0.843391418 -0.000000000 0.000000000 1.000000000 0.000000000 0.000000000 0.843391418 0.000000000 0.537299633 0.000000000 0.000000000 0.000000000 0.000000000 1.000000000
0.555570245 -0.000000000 -0.831469595 -0.000000000 0.000000000 1.000000000 0.000000000 0.000000000 0.831469595 0.000000000 0.555570245 0.000000000 0.000000000 0.000000000 0.000000000 1.000000000
0.573576450 -0.000000000 -0.819152057 -0.000000000 0.000000000 1.000000000 0.000000000 0.000000000 0.819152057 0.000000000 0.573576450 0.000000000 0.000000000 0.000000000 0.000000000 1.000000000
0.591309667 -0.000000000 -0.806444585 -0.000000000 0.000000000 1.000000000 0.000000000 0.000000000 0.806444585 0.000000000 0.591309667 0.000000000 0.000000000 0.000000000 0.000000000 1.000000000
0.608761430 -0.000000000 -0.793353319 -0.000000000 0.000000000 1.000000000 0.000000000 0.000000000 0.793353319 0.000000000 0.608761430 0.000000000 0.000000000 0.000000000 0.000000000 1.000000000
0.625923455 -0.000000000 -0.779884458 -0.000000000 0.000000000 1.000000000 0.000000000 0.000000000 0.779884458 0.000000000 0.625923455 0.000000000 0.000000000 0.000000000 0.000000000 1.000000000
0.642787635 -0.000000000 -0.766044438 -0.000000000 0.000000000 1.000000000 0.000000000 0.000000000 0.766044438 0.000000000 0.642787635 0.000000000 0.000000000 0.000000000 0.000000000 1.000000000
0.659345806 -0.000000000 -0.751839817 -0.000000000 0.000000000 1.000000000 0.000000000 0.000000000 0.751839817 0.000000000 0.659345806 0.000000000 0.000000000 0.000000000 0.000000000 1.000000000
0.675590217 -0.000000000 -0.737277329 -0.000000000 0.000000000 1.000000000 0.000000000 0.000000000 0.737277329 0.000000000 0.675590217 0.000000000 0.000000000 0.000000000 0.000000000 1.000000000
0.691513062 -0.000000000 -0.722363949 -0.000000000 0.000000000 1.000000000 0.000000000 0.000000000 0.722363949 0.000000000 0.691513062 0.000000000 0.000000000 0.000000000 0.000000000 1.000000000
0.707106769 0.000000000 -0.707106769 0.000000000 0.000000000 1.000000000 0.000000000 0.000000000 0.707106769 0.000000000 0.707106769 0.000000000 0.000000000 0.000000000 0.000000000 1.000000000
0.722363949 0.000000000 -0.691513062 0.000000000 0.000000000 1.000000000 0.000000000 0.000000000 0.691513062 0.000000000 0.722363949 0.000000000 0.000000000 0.000000000 0.000000000 1.000000000
0.737277329 0.000000000 -0.675590217 0.000000000 0.000000000 1.000000000 0.000000000 0.000000000 0.675590217 0.000000000 0.737277329 0.000000000 0.000000000 0.000000000 0.000000000 1.000000000
0.751839817 0.000000000 -0.659345806 0.000000000 0.000000000 1.000000000 0.000000000 0.000000000 0.659345806 0.000000000 0.751839817 0.000000000 0.000000000 0.000000000 0.000000000 1.000000000
0.766044438 0.000000000 -0.642787635 0.000000000 0.000000000 1.000000000 0.000000000 0.000000000 0.642787635 0.000000000 0.766044438 0.000000000 0.000000000 0.000000000 0.000000000 1.000000000
0.779884458 0.000000000 -0.625923455 0.000000000 0.000000000 1.000000000 0.000000000 0.000000000 0.625923455 0.000000000 0.779884458 0.000000000 0.000000000 0.000000000 0.000000000 1.000000000
0.793353319 0.000000000 -0.608761430 0.000000000 0.000000000 1.000000000 0.000000000 0.000000000 0.608761430 0.000000000 0.793353319 0.000000000 0.000000000 0.000000000 0.000000000 1.000000000
0.806444585 0.000000000 -0.591309667 0.000000000 0.000000000 1.000000000 0.000000000 0.000000000 0.591309667 0.000000000 0.806444585 0.000000000 0.000000000 0.000000000 0.000000000 1.000000000
0.819152057 0.000000000 -0.573576450 0.000000000 0.000000000 1.000000000 0.000000000 0.000000000 0.573576450 0.000000000 0.819152057 0.000000000 0.000000000 0.000000000 0.000000000 1.000000000
0.831469595 0.000000000 -0.555570245 0.000000000 0.000000000 1.000000000 0.000000000 0.000000000 0.555570245 0.000000000 0.831469595 0.000000000 0.000000000 0.000000000 0.000000000 1.000000000
0.843391418 0.000000000 -0.537299633 0.000000000 0.000000000 1.000000000 0.000000000 0.000000000 0.537299633 0.000000000 0.843391418 0.000000000 0.000000000 0.000000000 0.000000000 1.000000000
0.854911864 0.000000000 -0.518773258 0.000000000 0.000000000 1.000000000 0.000000000 0.000000000 0.518773258 0.000000000 0.854911864 0.000000000 0.000000000 0.000000000 0.000000000 1.000000000
0.866025388 0.000000000 -0.500000000 0.000000000 0.000000000 1.000000000 0.000000000 0.000000000 0.500000000 0.000000000 0.866025388 0.000000000 0.000000000 0.000000000 0.000000000 1.000000000
0.876726747 0.000000000 -0.480988771 0.000000000 0.000000000 1.000000000 0.000000000 0.000000000 0.480988771 0.000000000 0.876726747 0.000000000 0.000000000 0.000000000 0.000000000 1.000000000
0.887010813 0.000000000 -0.461748600 0.000000000 0.000000000 1.000000000 0.000000000 0.000000000 0.461748600 0.000000000 0.887010813 0.000000000 0.000000000 0.000000000 0.000000000 1.000000000
0.896872759 0.000000000 -0.442288697 0.000000000 0.000000000 1.000000000 0.000000000 0.000000000 0.442288697 0.000000000 0.896872759 0.000000000 0.000000000 0.000000000 0.000000000 1.000000000
0.906307817 0.000000000 -0.422618270 0.000000000 0.000000000 1.000000000 0.000000000 0.000000000 0.422618270 0.000000000 0.906307817 0.000000000 0.000000000 0.000000000 0.000000000 1.000000000
0.915311456 0.000000000 -0.402746677 0.000000000 0.000000000 1.000000000 0.000000000 0.000000000 0.402746677 0.000000000 0.915311456 0.000000000 0.000000000 0.000000000 0.000000000 1.000000000
0.923879504 0.000000000 -0.382683426 0.000000000 0.000000000 1.000000000 0.000000000 0.000000000 0.382683426 0.000000000 0.923879504 0.000000000 0.000000000 0.000000000 0.000000000 1.000000000
0.932007849 0.000000000 -0.362438053 0.000000000 0.000000000 1.000000000 0.000000000 0.000000000 0.362438053 0.000000000 0.932007849 0.000000000 0.000000000 0.000000000 0.000000000 1.000000000
0.939692616 0.000000000 -0.342020154 0.000000000 0.000000000 1.000000000 0.000000000 0.000000000 0.342020154 0.000000000 0.939692616 0.000000000 0.000000000 0.000000000 0.000000000 1.000000000
0.946930110 0.000000000 -0.321439475 0.000000000 0.000000000 1.000000000 0.000000000 0.000000000 0.321439475 0.000000000 0.946930110 0.000000000 0.000000000 0.000000000 0.000000000 1.000000000
0.953716934 0.000000000 -0.300705791 0.000000000 0.000000000 1.000000000 0.000000000 0.000000000 0.300705791 0.000000000 0.953716934 0.000000000 0.000000000 0.000000000 0.000000000 1.000000000
0.960049868 0.000000000 -0.279829025 0.000000000 0.000000000 1.000000000 0.000000000 0.000000000 0.279829025 0.000000000 0.960049868 0.000000000 0.000000000 0.000000000 0.000000000 1.000000000
0.965925813 0.000000000 -0.258819044 0.000000000 0.000000000 1.000000000 0.000000000 0.000000000 0.258819044 0.000000000 0.965925813 0.000000000 0.000000000 0.000000000 0.000000000 1.000000000
0.971342087 0.000000000 -0.237685889 0.000000000 0.000000000 1.000000000 0.000000000 0.000000000 0.237685889 0.000000000 0.971342087 0.000000000 0.000000000 0.000000000 0.000000000 1.000000000
0.976296008 0.000000000 -0.216439620 0.000000000 0.000000000 1.000000000 0.000000000 0.000000000 0.216439620 0.000000000 0.976296008 0.000000000 0.000000000 0.000000000 0.000000000 1.000000000
0.980785251 0.000000000 -0.195090324 0.000000000 0.000000000 1.000000000 0.000000000 0.000000000 0.195090324 0.000000000 0.980785251 0.000000000 0.000000000 0.000000000 0.000000000 1.000000000
0.984807730 0.000000000 -0.173648179 0.000000000 0.000000000 1.000000000 0.000000000 0.000000000 0.173648179 0.000000000 0.984807730 0.000000000 0.000000000 0.000000000 0.000000000 1.000000000
0.988361537 0.000000000 -0.152123392 0.000000000 0.000000000 1.000000000 0.000000000 0.000000000 0.152123392 0.000000000 0.988361537 0.000000000 0.000000000 0.000000000 0.000000000 1.000000000
0.991444886 0.000000000 -0.130526185 0.000000000 0.000000000 1.000000000 0.000000000 0.000000000 0.130526185 0.000000000 0.991444886 0.000000000 0.000000000 0.000000000 0.000000000 1.000000000
0.994056344 0.000000000 -0.108866878 0.000000000 0.000000000 1.000000000 0.000000000 0.000000000 0.108866878 0.000000000 0.994056344 0.000000000 0.000000000 0.000000000 0.000000000 1.000000000
0.996194720 0.000000000 -0.087155744 0.000000000 0.000000000 1.000000000 0.000000000 0.000000000 0.087155744 0.000000000 0.996194720 0.000000000 0.000000000 0.000000000 0.000000000 1.000000000
0.997858942 0.000000000 -0.065403126 0.000000000 0.000000000 1.000000000 0.000000000 0.000000000 0.065403126 0.000000000 0.997858942 0.000000000 0.000000000 0.000000000 0.000000000 1.000000000
0.999048233 0.000000000 -0.043619387 0.000000000 0.000000000 1.000000000 0.000000000 0.000000000 0.043619387 0.000000000 0.999048233 0.000000000 0.000000000 0.000000000 0.000000000 1.000000000
0.999761999 0.000000000 -0.021814885 0.000000000 0.000000000 1.000000000 0.000000000 0.000000000 0.021814885 0.000000000 0.999761999 0.000000000 0.000000000 0.000000000 0.000000000 1.000000000
1.000000000 0.000000000 0.000000000 0.000000000 0.000000000 1.000000000 0.000000000 0.000000000 0.000000000 0.000000000 1.000000000 0.000000000 0.000000000 0.000000000 0.000000000 1.000000000
1.000000000 0.000000000 0.000000000 0.000000000 0.000000000 1.000000000 0.000000000 0.000000000 0.000000000 0.000000000 1.000000000 0.000000000 0.000000000 0.000000000 0.000000000 1.000000000
0.999761999 0.000000000 -0.021814885 0.000000000 0.000000000 1.000000000 0.000000000 0.000000000 0.021814885 0.000000000 0.999761999 0.000000000 0.000000000 0.000000000 0.000000000 1.000000000
0.999048233 0.000000000 -0.043619387 0.000000000 0.000000000 1.000000000 0.000000000 0.000000000 0.043619387 0.000000000 0.999048233 0.000000000 0.000000000 0.000000000 0.000000000 1.000000000
0.997858942 0.000000000 -0.065403126 0.000000000 0.000000000 1.000000000 0.000000000 0.000000000 0.065403126 0.000000000 0.997858942 0.000000000 0.000000000 0.000000000 0.000000000 1.000000000
0.996194720 0.000000000 -0.087155744 0.000000000 0.000000000 1.000000000 0.000000000 0.000000000 0.087155744 0.000000000 0.996194720 0.000000000 0.000000000 0.000000000 0.000000000 1.000000000
0.994056344 0.000000000 -0.108866878 0.000000000 0.000000000 1.000000000 0.000000000 0.000000000 0.108866878 0.000000000 0.994056344 0.000000000 0.000000000 0.000000000 0.000000000 1.000000000
0.991444886 0.000000000 -0.130526185 0.000000000 0.000000000 1.000000000 0.000000000 0.000000000 0.130526185 0.000000000 0.991444886 0.000000000 0.000000000 0.000000000 0.000000000 1.000000000
0.988361537 0.000000000 -0.152123392 0.000000000 0.000000000 1.000000000 0.000000000 0.000000000 0.152123392 0.000000000 0.988361537 0.000000000 0.000000000 0.000000000 0.000000000 1.000000000
0.984807730 0.000000000 -0.173648179 0.000000000 0.000000000 1.000000000 0.000000000 0.000000000 0.173648179 0.000000000 0.984807730 0.000000000 0.000000000 0.000000000 0.000000000 1.000000000
0.980785251 0.000000000 -0.195090324 0.000000000 0.000000000 1.000000000 0.000000000 0.000000000 0.195090324 0.000000000 0.980785251 0.000000000 0.000000000 0.000000000 0.000000000 1.000000000
0.976296008 0.000000000 -0.216439620 0.000000000 0.000000000 1.000000000 0.000000000 0.000000000 0.216439620 0.000000000 0.976296008 0.000000000 0.000000000 0.000000000 0.000000000 1.000000000
0.971342087 0.000000000 -0.237685889 0.000000000 0.000000000 1.000000000 0.000000000 0.000000000 0.237685889 0.000000000 0.971342087 0.000000000 0.000000000 0.000000000 0.000000000 1.000000000
0.965925813 0.000000000 -0.258819044 0.000000000 0.000000000 1.000000000 0.000000000 0.000000000 0.258819044 0.000000000 0.965925813 0.000000000 0.000000000 0.000000000 0.000000000 1.000000000
0.960049868 0.000000000 -0.279829025 0.000000000 0.000000000 1.000000000 0.000000000 0.000000000 0.279829025 0.000000000 0.960049868 0.000000000 0.000000000 0.000000000 0.000000000 1.000000000
0.953716934 0.000000000 -0.300705791 0.000000000 0.000000000 1.000000000 0.000000000 0.000000000 0.300705791 0.000000000 0.953716934 0.000000000 0.000000000 0.000000000 0.000000000 1.000000000
0.946930110 0.000000000 -0.321439475 0.000000000 0.000000000 1.000000000 0.000000000 0.000000000 0.321439475 0.000000000 0.946930110 0.000000000 0.000000000 0.000000000 0.000000000 1.000000000
0.939692616 0.000000000 -0.342020154 0.000000000 0.000000000 1.000000000 0.000000000 0.000000000 0.342020154 0.000000000 0.939692616 0.000000000 0.000000000 0.000000000 0.000000000 1.000000000
0.932007849 0.000000000 -0.362438053 0.000000000 0.000000000 1.000000000 0.000000000 0.000000000 0.362438053 0.000000000 0.932007849 0.000000000 0.000000000 0.000000000 0.000000000 1.000000000
0.923879504 0.000000000 -0.382683426 0.000000000 0.000000000 1.000000000 0.000000000 0.000000000 0.382683426 0.000000000 0.923879504 0.000000000 0.000000000 0.000000000 0.000000000 1.000000000
0.915311456 0.000000000 -0.402746677 0.000000000 0.000000000 1.000000000 0.000000000 0.000000000 0.402746677 0.000000000 0.915311456 0.000000000 0.000000000 0.000000000 0.000000000 1.000000000
0.906307817 0.000000000 -0.422618270 0.000000000 0.000000000 1.000000000 0.000000000 0.000000000 0.422618270 0.000000000 0.906307817 0.000000000 0.000000000 0.000000000 0.000000000 1.000000000
0.896872759 0.000000000 -0.442288697 0.000000000 0.000000000 1.000000000 0.000000000 0.000000000 0.442288697 0.000000000 0.896872759 0.000000000 0.000000000 0.000000000 0.000000000 1.000000000
0.887010813 0.000000000 -0.461748600 0.000000000 0.000000000 1.000000000 0.000000000 0.000000000 0.461748600 0.000000000 0.887010813 0.000000000 0.000000000 0.000000000 0.000000000 1.000000000
0.876726747 0.000000000 -0.480988771 0.000000000 0.000000000 1.000000000 0.000000000 0.000000000 0.480988771 0.000000000 0.876726747 0.000000000 0.000000000 0.000000000 0.000000000 1.000000000
0.866025388 0.000000000 -0.500000000 0.000000000 0.000000000 1.000000000 0.000000000 0.000000000 0.500000000 0.000000000 0.866025388 0.000000000 0.000000000 0.000000000 0.000000000 1.000000000
0.854911864 0.000000000 -0.518773258 0.000000000 0.000000000 1.000000000 0.000000000 0.000000000 0.518773258 0.000000000 0.854911864 0.000000000 0.000000000 0.000000000 0.000000000 1.000000000
0.843391418 0.000000000 -0.537299633 0.000000000 0.000000000 1.000000000 0.000000000 0.000000000 0.537299633 0.000000000 0.843391418 0.000000000 0.000000000 0.000000000 0.000000000 1.000000000
0.831469595 0.000000000 -0.555570245 0.000000000 0.000000000 1.000000000 0.000000000 0.000000000 0.555570245 0.000000000 0.831469595 0.000000000 0.000000000 0.000000000 0.000000000 1.000000000
0.819152057 0.000000000 -0.573576450 0.000000000 0.000000000 1.000000000 0.000000000 0.000000000 0.573576450 0.000000000 0.819152057 0.000000000 0.000000000 0.000000000 0.000000000 1.000000000
0.806444585 0.000000000 -0.591309667 0.000000000 0.000000000 1.000000000 0.000000000 0.000000000 0.591309667 0.000000000 0.806444585 0.000000000 0.000000000 0.000000000 0.000000000 1.000000000
0.793353319 0.000000000 -0.608761430 0.000000000 0.000000000 1.000000000 0.000000000 0.000000000 0.608761430 0.000000000 0.793353319 0.000000000 0.000000000 0.000000000 0.000000000 1.000000000
0.779884458 0.000000000 -0.625923455 0.000000000 0.000000000 1.000000000 0.000000000 0.000000000 0.625923455 0.000000000 0.779884458 0.000000000 0.000000000 0.000000000 0.000000000 1.000000000
0.766044438 0.000000000 -0.642787635 0.000000000 0.000000000 1.000000000 0.000000000 0.000000000 0.642787635 0.000000000 0.766044438 0.000000000 0.000000000 0.000000000 0.000000000 1.000000000
0.751839817 0.000000000 -0.659345806 0.000000000 0.000000000 1.000000000 0.000000000 0.000000000 0.659345806 0.000000000 0.751839817 0.000000000 0.000000000 0.000000000 0.000000000 1.000000000
0.737277329 0.000000000 -0.675590217 0.000000000 0.000000000 1.000000000 0.000000000 0.000000000 0.675590217 0.000000000 0.737277329 0.000000000 0.000000000 0.000000000 0.000000000 1.000000000
0.722363949 0.000000000 -0.691513062 0.000000000 0.000000000 1.000000000 0.000000000 0.000000000 0.691513062 0.000000000 0.722363949 0.000000000 0.000000000 0.000000000 0.000000000 1.000000000
0.707106769 0.000000000 -0.707106769 0.000000000 0.000000000 1.000000000 0.000000000 0.000000000 0.707106769 0.000000000 0.707106769 0.000000000 0.000000000 0.000000000 0.000000000 1.000000000
0.691513062 -0.000000000 -0.722363949 -0.000000000 0.000000000 1.000000000 0.000000000 0.000000000 0.722363949 0.000000000 0.691513062 0.000000000 0.000000000 0.000000000 0.000000000 1.000000000
0.675590217 -0.000000000 -0.737277329 -0.000000000 0.000000000 1.000000000 0.000000000 0.000000000 0.737277329 0.000000000 0.675590217 0.000000000 0.000000000 0.000000000 0.000000000 1.000000000
0.659345806 -0.000000000 -0.751839817 -0.000000000 0.000000000 1.000000000 0.000000000 0.000000000 0.751839817 0.000000000 0.659345806 0.000000000 0.000000000 0.000000000 0.000000000 1.000000000
0.642787635 -0.000000000 -0.766044438 -0.000000000 0.000000000 1.000000000 0.000000000 0.000000000 0.766044438 0.000000000 0.642787635 0.000000000 0.000000000 0.000000000 0.000000000 1.000000000
0.625923455 -0.000000000 -0.779884458 -0.000000000 0.000000000 1.000000000 0.000000000 0.000000000 0.779884458 0.000000000 0.625923455 0.000000000 0.000000000 0.000000000 0.000000000 1.000000000
0.608761430 -0.000000000 -0.793353319 -0.000000000 0.000000000 1.000000000 0.000000000 0.000000000 0.793353319 0.000000000 0.608761430 0.000000000 0.000000000 0.000000000 0.000000000 1.000000000
0.591309667 -0.000000000 -0.806444585 -0.000000000 0.000000000 1.000000000 0.000000000 0.000000000 0.806444585 0.000000000 0.591309667 0.000000000 0.000000000 0.000000000 0.000000000 1.000000000
0.573576450 -0.000000000 -0.819152057 -0.000000000 0.000000000 1.000000000 0.000000000 0.000000000 0.819152057 0.000000000 0.573576450 0.000000000 0.000000000 0.000000000 0.000000000 1.000000000
0.555570245 -0.000000000 -0.831469595 -0.000000000 0.000000000 1.000000000 0.000000000 0.000000000 0.831469595 0.000000000 0.555570245 0.000000000 0.000000000 0.000000000 0.000000000 1.000000000
0.537299633 -0.000000000 -0.843391418 -0.000000000 0.000000000 1.000000000 0.000000000 0.000000000 0.843391418 0.000000000 0.537299633 0.000000000 0.000000000 0.000000000 0.000000000 1.000000000
0.518773258 -0.000000000 -0.854911864 -0.000000000 0.000000000 1.000000000 0.000000000 0.000000000 0.854911864 0.000000000 0.518773258 0.000000000 0.000000000 0.000000000 0.000000000 1.000000000
0.500000000 -0.000000000 -0.866025388 -0.000000000 0.000000000 1.000000000 0.000000000 0.000000000 0.866025388 0.000000000 0.500000000 0.000000000 0.000000000 0.000000000 0.000000000 1.000000000
0.500000000 -0.000000000 -0.866025388 -0.000000000 0.000000000 1.000000000 0.000000000 0.000000000 0.866025388 0.000000000 0.500000000 0.000000000 0.000000000 0.000000000 0.000000000 1.000000000
0.518773258 -0.000000000 -0.854911864 -0.000000000 0.000000000 1.000000000 0.000000000 0.000000000 0.854911864 0.000000000 0.518773258 0.000000000 0.000000000 0.000000000 0.000000000 1.000000000
0.537299633 -0.000000000 -0.843391418 -0.000000000 0.000000000 1.000000000 0.000000000 0.000000000 0.843391418 0.000000000 0.537299633 0.000000000 0.000000000 0.000000000 0.000000000 1.000000000
0.555570245 -0.000000000 -0.831469595 -0.000000000 0.000000000 1.000000000 0.000000000 0.000000000 0.831469595 0.000000000 0.555570245 0.000000000 0.000000000 0.000000000 0.000000000 1.000000000
0.573576450 -0.000000000 -0.819152057 -0.000000000 0.000000000 1.000000000 0.000000000 0.000000000 0.819152057 0.000000000 0.573576450 0.000000000 0.000000000 0.000000000 0.000000000 1.000000000
0.591309667 -0.000000000 -0.806444585 -0.000000000 0.000000000 1.000000000 0.000000000 0.000000000 0.806444585 0.000000000 0.591309667 0.000000000 0.000000000 0.000000000 0.000000000 1.000000000
0.608761430 -0.000000000 -0.793353319 -0.000000000 0.000000000 1.000000000 0.000000000 0.000000000 0.793353319 0.000000000 0.608761430 0.000000000 0.000000000 0.000000000 0.000000000 1.000000000
0.625923455 -0.000000000 -0.779884458 -0.000000000 0.000000000 1.000000000 0.000000000 0.000000000 0.779884458 0.000000000 0.625923455 0.000000000 0.000000000 0.000000000 0.000000000 1.000000000
0.642787635 -0.000000000 -0.766044438 -0.000000000 0.000000000 1.000000000 0.000000000 0.000000000 0.766044438 0.000000000 0.642787635 0.000000000 0.000000000 0.000000000 0.000000000 1.000000000
0.659345806 -0.000000000 -0.751839817 -0.000000000 0.000000000 1.000000000 0.000000000 0.000000000 0.751839817 0.000000000 0.659345806 0.000000000 0.000000000 0.000000000 0.000000000 1.000000000
0.675590217 -0.000000000 -0.737277329 -0.000000000 0.000000000 1.000000000 0.000000000 0.000000000 0.737277329 0.000000000 0.675590217 0.000000000 0.000000000 0.000000000 0.000000000 1.000000000
0.691513062 -0.000000000 -0.722363949 -0.000000000 0.000000000 1.000000000 0.000000000 0.000000000 0.722363949 0.000000000 0.691513062 0.000000000 0.000000000 0.000000000 0.000000000 1.000000000
0.707106769 0.000000000 -0.707106769 0.000000000 0.000000000 1.000000000 0.000000000 0.000000000 0.707106769 0.000000000 0.707106769 0.000000000 0.000000000 0.000000000 0.000000000 1.000000000
0.722363949 0.000000000 -0.691513062 0.000000000 0.000000000 1.000000000 0.000000000 0.000000000 0.691513062 0.000000000 0.722363949 0.000000000 0.000000000 0.000000000 0.000000000 1.000000000
0.737277329 0.000000000 -0.675590217 0.000000000 0.000000000 1.000000000 0.000000000 0.000000000 0.675590217 0.000000000 0.737277329 0.000000000 0.000000000 0.000000000 0.000000000 1.000000000
0.751839817 0.000000000 -0.659345806 0.000000000 0.000000000 1.000000000 0.000000000 0.000000000 0.659345806 0.000000000 0.751839817 0.000000000 0.000000000 0.000000000 0.000000000 1.000000000
0.766044438 0.000000000 -0.642787635 0.000000000 0.000000000 1.000000000 0.000000000 0.000000000 0.642787635 0.000000000 0.766044438 0.000000000 0.000000000 0.000000000 0.000000000 1.000000000
0.779884458 0.000000000 -0.625923455 0.000000000 0.000000000 1.000000000 0.000000000 0.000000000 0.625923455 0.000000000 0.779884458 0.000000000 0.000000000 0.000000000 0.000000000 1.000000000
0.793353319 0.000000000 -0.608761430 0.000000000 0.000000000 1.000000000 0.000000000 0.000000000 0.608761430 0.000000000 0.793353319 0.000000000 0.000000000 0.000000000 0.000000000 1.000000000
0.806444585 0.000000000 -0.591309667 0.000000000 0.000000000 1.000000000 0.000000000 0.000000000 0.591309667 0.000000000 0.806444585 0.000000000 0.000000000 0.000000000 0.000000000 1.000000000
0.819152057 0.000000000 -0.573576450 0.000000000 0.000000000 1.000000000 0.000000000 0.000000000 0.573576450 0.000000000 0.819152057 0.000000000 0.000000000 0.000000000 0.000000000 1.000000000
0.831469595 0.000000000 -0.555570245 0.000000000 0.000000000 1.000000000 0.000000000 0.000000000 0.555570245 0.000000000 0.831469595 0.000000000 0.000000000 0.000000000 0.000000000 1.000000000
0.843391418 0.000000000 -0.537299633 0.000000000 0.000000000 1.000000000 0.000000000 0.000000000 0.537299633 0.000000000 0.843391418 0.000000000 0.000000000 0.000000000 0.000000000 1.000000000
0.854911864 0.000000000 -0.518773258 0.000000000 0.000000000 1.000000000 0.000000000 0.000000000 0.518773258 0.000000000 0.854911864 0.000000000 0.000000000 0.000000000 0.000000000 1.000000000
0.866025388 0.000000000 -0.500000000 0.000000000 0.000000000 1.000000000 0.000000000 0.000000000 0.500000000 0.000000000 0.866025388 0.000000000 0.000000000 0.000000000 0.000000000 1.000000000
0.876726747 0.000000000 -0.480988771 0.000000000 0.000000000 1.000000000 0.000000000 0.000000000 0.480988771 0.000000000 0.876726747 0.000000000 0.000000000 0.000000000 0.000000000 1.000000000
0.887010813 0.000000000 -0.461748600 0.000000000 0.000000000 1.000000000 0.000000000 0.000000000 0.461748600 0.000000000 0.887010813 0.000000000 0.000000000 0.000000000 0.000000000 1.000000000
0.896872759 0.000000000 -0.442288697 0.000000000 0.000000000 1.000000000 0.000000000 0.000000000 0.442288697 0.000000000 0.896872759 0.000000000 0.000000000 0.000000000 0.000000000 1.000000000
0.906307817 0.000000000 -0.422618270 0.000000000 0.000000000 1.000000000 0.000000000 0.000000000 0.422618270 0.000000000 0.906307817 0.000000000 0.000000000 0.000000000 0.000000000 1.000000000
0.915311456 0.000000000 -0.402746677 0.000000000 0.000000000 1.000000000 0.000000000 0.000000000 0.402746677 0.000000000 0.915311456 0.000000000 0.000000000 0.000000000 0.000000000 1.000000000
0.923879504 0.000000000 -0.382683426 0.000000000 0.000000000 1.000000000 0.000000000 0.000000000 0.382683426 0.000000000 0.923879504 0.000000000 0.000000000 0.000000000 0.000000000 1.000000000
0.932007849 0.000000000 -0.362438053 0.000000000 0.000000000 1.000000000 0.000000000 0.000000000 0.362438053 0.000000000 0.932007849 0.000000000 0.000000000 0.000000000 0.000000000 1.000000000
0.939692616 0.000000000 -0.342020154 0.000000000 0.000000000 1.000000000 0.000000000 0.000000000 0.342020154 0.000000000 0.939692616 0.000000000 0.000000000 0.000000000 0.000000000 1.000000000
0.946930110 0.000000000 -0.321439475 0.000000000 0.000000000 1.000000000 0.000000000 0.000000000 0.321439475 0.000000000 0.946930110 0.000000000 0.000000000 0.000000000 0.000000000 1.000000000
0.953716934 0.000000000 -0.300705791 0.000000000 0.000000000 1.000000000 0.000000000 0.000000000 0.300705791 0.000000000 0.953716934 0.000000000 0.000000000 0.000000000 0.000000000 1.000000000
0.960049868 0.000000000 -0.279829025 0.000000000 0.000000000 1.000000000 0.000000000 0.000000000 0.279829025 0.000000000 0.960049868 0.000000000 0.000000000 0.000000000 0.000000000 1.000000000
0.965925813 0.000000000 -0.258819044 0.000000000 0.000000000 1.000000000 0.000000000 0.000000000 0.258819044 0.000000000 0.965925813 0.000000000 0.000000000 0.000000000 0.000000000 1.000000000
0.971342087 0.000000000 -0.237685889 0.000000000 0.000000000 1.000000000 0.000000000 0.000000000 0.237685889 0.000000000 0.971342087 0.000000000 0.000000000 0.000000000 0.000000000 1.000000000
0.976296008 0.000000000 -0.216439620 0.000000000 0.000000000 1.000000000 0.000000000 0.000000000 0.216439620 0.000000000 0.976296008 0.000000000 0.000000000 0.000000000 0.000000000 1.000000000
0.980785251 0.000000000 -0.195090324 0.000000000 0.000000000 1.000000000 0.000000000 0.000000000 0.195090324 0.000000000 0.980785251 0.000000000 0.000000000 0.000000000 0.000000000 1.000000000
0.984807730 0.000000000 -0.173648179 0.000000000 0.000000000 1.000000000 0.000000000 0.000000000 0.173648179 0.000000000 0.984807730 0.000000000 0.000000000 0.000000000 0.000000000 1.000000000
0.988361537 0.000000000 -0.152123392 0.000000000 0.000000000 1.000000000 0.000000000 0.000000000 0.152123392 0.000000000 0.988361537 0.000000000 0.000000000 0.000000000 0.000000000 1.000000000
0.991444886 0.000000000 -0.130526185 0.000000000 0.000000000 1.000000000 0.000000000 0.000000000 0.130526185 0.000000000 0.991444886 0.000000000 0.000000000 0.000000000 0.000000000 1.000000000
0.994056344 0.000000000 -0.108866878 0.000000000 0.000000000 1.000000000 0.000000000 0.000000000 0.108866878 0.000000000 0.994056344 0.000000000 0.000000000 0.000000000 0.000000000 1.000000000
0.996194720 0.000000000 -0.087155744 0.000000000 0.000000000 1.000000000 0.000000000 0.000000000 0.087155744 0.000000000 0.996194720 0.000000000 0.000000000 0.000000000 0.000000000 1.000000000
0.997858942 0.000000000 -0.065403126 0.000000000 0.000000000 1.000000000 0.000000000 0.000000000 0.065403126 0.000000000 0.997858942 0.000000000 0.000000000 0.000000000 0.000000000 1.000000000
0.999048233 0.000000000 -0.043619387 0.000000000 0.000000000 1.000000000 0.000000000 0.000000000 0.043619387 0.000000000 0.999048233 0.000000000 0.000000000 0.000000000 0.000000000 1.000000000
0.999761999 0.000000000 -0.021814885 0.000000000 0.000000000 1.000000000 0.000000000 0.000000000 0.021814885 0.000000000 0.999761999 0.000000000 0.000000000 0.000000000 0.000000000 1.000000000
1.000000000 0.000000000 0.000000000 0.000000000 0.000000000 1.000000000 0.000000000 0.000000000 0.000000000 0.000000000 1.000000000 0.000000000 0.000000000 0.000000000 0.000000000 1.000000000
