0.5958768 0.5958768 0.5 0.5
0.931210637 -0.000000000 0.364481449 0.000000000 0.000000000 1.000000000 0.000000000 0.000000000 -0.364481449 0.000000000 0.931210637 0.000000000 0.000000000 0.000000000 0.000000000 1.000000000
0.931210637 -0.000000000 0.364481449 -0.000000000 0.000000000 1.000000000 0.000000000 0.000000000 -0.364481449 0.000000000 0.931210637 0.041430596 0.000000000 0.000000000 0.000000000 1.000000000
0.931210637 -0.000000000 0.364481449 -0.000000000 0.000000000 1.000000000 0.000000000 0.000000000 -0.364481449 0.000000000 0.931210637 0.082861193 0.000000000 0.000000000 0.000000000 1.000000000
0.931210637 -0.000000000 0.364481449 0.000000000 0.000000000 1.000000000 0.000000000 0.000000000 -0.364481449 0.000000000 0.931210637 0.124291793 0.000000000 0.000000000 0.000000000 1.000000000
0.931210637 -0.000000000 0.364481449 -0.000000000 0.000000000 1.000000000 0.000000000 0.000000000 -0.364481449 0.000000000 0.931210637 0.165722385 0.000000000 0.000000000 0.000000000 1.000000000
0.931210637 -0.000000000 0.364481449 -0.000000000 0.000000000 1.000000000 0.000000000 0.000000000 -0.364481449 0.000000000 0.931210637 0.207152978 0.000000000 0.000000000 0.000000000 1.000000000
0.931210637 -0.000000000 0.364481449 0.000000000 0.000000000 1.000000000 0.000000000 0.000000000 -0.364481449 0.000000000 0.931210637 0.248583585 0.000000000 0.000000000 0.000000000 1.000000000
0.931210637 -0.000000000 0.364481449 0.000000000 0.000000000 1.000000000 0.000000000 0.000000000 -0.364481449 0.000000000 0.931210637 0.290014178 0.000000000 0.000000000 0.000000000 1.000000000
0.931210637 -0.000000000 0.364481449 -0.000000000 0.000000000 1.000000000 0.000000000 0.000000000 -0.364481449 0.000000000 0.931210637 0.331444770 0.000000000 0.000000000 0.000000000 1.000000000
0.931210637 -0.000000000 0.364481449 -0.000000000 0.000000000 1.000000000 0.000000000 0.000000000 -0.364481449 0.000000000 0.931210637 0.372875363 0.000000000 0.000000000 0.000000000 1.000000000
0.931210637 -0.000000000 0.364481449 -0.000000000 0.000000000 1.000000000 0.000000000 0.000000000 -0.364481449 0.000000000 0.931210637 0.414305955 0.000000000 0.000000000 0.000000000 1.000000000
0.931210637 -0.000000000 0.364481449 0.000000000 0.000000000 1.000000000 0.000000000 0.000000000 -0.364481449 0.000000000 0.931210637 0.455736578 0.000000000 0.000000000 0.000000000 1.000000000
0.931210637 -0.000000000 0.364481449 0.000000000 0.000000000 1.000000000 0.000000000 0.000000000 -0.364481449 0.000000000 0.931210637 0.497167170 0.000000000 0.000000000 0.000000000 1.000000000
0.931210637 -0.000000000 0.364481449 0.000000000 0.000000000 1.000000000 0.000000000 0.000000000 -0.364481449 0.000000000 0.931210637 0.538597763 0.000000000 0.000000000 0.000000000 1.000000000
0.931210637 -0.000000000 0.364481449 0.000000000 0.000000000 1.000000000 0.000000000 0.000000000 -0.364481449 0.000000000 0.931210637 0.580028355 0.000000000 0.000000000 0.000000000 1.000000000
0.931210637 -0.000000000 0.364481449 -0.000000000 0.000000000 1.000000000 0.000000000 0.000000000 -0.364481449 0.000000000 0.931210637 0.621458948 0.000000000 0.000000000 0.000000000 1.000000000
0.931210637 -0.000000000 0.364481449 -0.000000000 0.000000000 1.000000000 0.000000000 0.000000000 -0.364481449 0.000000000 0.931210637 0.662889540 0.000000000 0.000000000 0.000000000 1.000000000
0.931210637 -0.000000000 0.364481449 0.000000000 0.000000000 1.000000000 0.000000000 0.000000000 -0.364481449 0.000000000 0.931210637 0.704320133 0.000000000 0.000000000 0.000000000 1.000000000
0.931210637 -0.000000000 0.364481449 -0.000000000 0.000000000 1.000000000 0.000000000 0.000000000 -0.364481449 0.000000000 0.931210637 0.745750725 0.000000000 0.000000000 0.000000000 1.000000000
0.931210637 -0.000000000 0.364481449 -0.000000000 0.000000000 1.000000000 0.000000000 0.000000000 -0.364481449 0.000000000 0.931210637 0.787181318 0.000000000 0.000000000 0.000000000 1.000000000
0.931210637 -0.000000000 0.364481449 -0.000000000 0.000000000 1.000000000 0.000000000 0.000000000 -0.364481449 0.000000000 0.931210637 0.828611910 0.000000000 0.000000000 0.000000000 1.000000000
0.931210637 -0.000000000 0.364481449 0.000000000 0.000000000 1.000000000 0.000000000 0.000000000 -0.364481449 0.000000000 0.931210637 0.870042503 0.000000000 0.000000000 0.000000000 1.000000000
0.931210637 -0.000000000 0.364481449 0.000000000 0.000000000 1.000000000 0.000000000 0.000000000 -0.364481449 0.000000000 0.931210637 0.911473155 0.000000000 0.000000000 0.000000000 1.000000000
0.931210637 -0.000000000 0.364481449 0.000000000 0.000000000 1.000000000 0.000000000 0.000000000 -0.364481449 0.000000000 0.931210637 0.952903748 0.000000000 0.000000000 0.000000000 1.000000000
0.931210637 -0.000000000 0.364481449 0.000000000 0.000000000 1.000000000 0.000000000 0.000000000 -0.364481449 0.000000000 0.931210637 0.994334340 0.000000000 0.000000000 0.000000000 1.000000000
0.931210637 -0.000000000 0.364481449 0.000000000 0.000000000 1.000000000 0.000000000 0.000000000 -0.364481449 0.000000000 0.931210637 1.035764933 0.000000000 0.000000000 0.000000000 1.000000000
0.931210637 -0.000000000 0.364481449 0.000000000 0.000000000 1.000000000 0.000000000 0.000000000 -0.364481449 0.000000000 0.931210637 1.077195525 0.000000000 0.000000000 0.000000000 1.000000000
0.931210637 -0.000000000 0.364481449 0.000000000 0.000000000 1.000000000 0.000000000 0.000000000 -0.364481449 0.000000000 0.931210637 1.118626118 0.000000000 0.000000000 0.000000000 1.000000000
0.931210637 -0.000000000 0.364481449 0.000000000 0.000000000 1.000000000 0.000000000 0.000000000 -0.364481449 0.000000000 0.931210637 1.160056710 0.000000000 0.000000000 0.000000000 1.000000000
0.931210637 -0.000000000 0.364481449 0.000000000 0.000000000 1.000000000 0.000000000 0.000000000 -0.364481449 0.000000000 0.931210637 1.201487303 0.000000000 0.000000000 0.000000000 1.000000000
0.931210637 -0.000000000 0.364481449 -0.000000000 0.000000000 1.000000000 0.000000000 0.000000000 -0.364481449 0.000000000 0.931210637 1.242917895 0.000000000 0.000000000 0.000000000 1.000000000
0.931210637 -0.000000000 0.364481449 0.000000000 0.000000000 1.000000000 0.000000000 0.000000000 -0.364481449 0.000000000 0.931210637 1.284348488 0.000000000 0.000000000 0.000000000 1.000000000
0.931210637 -0.000000000 0.364481449 -0.000000000 0.000000000 1.000000000 0.000000000 0.000000000 -0.364481449 0.000000000 0.931210637 1.325779080 0.000000000 0.000000000 0.000000000 1.000000000
0.931210637 -0.000000000 0.364481449 -0.000000000 0.000000000 1.000000000 0.000000000 0.000000000 -0.364481449 0.000000000 0.931210637 1.367209673 0.000000000 0.000000000 0.000000000 1.000000000
0.931210637 -0.000000000 0.364481449 0.000000000 0.000000000 1.000000000 0.000000000 0.000000000 -0.364481449 0.000000000 0.931210637 1.408640265 0.000000000 0.000000000 0.000000000 1.000000000
0.931210637 -0.000000000 0.364481449 -0.000000000 0.000000000 1.000000000 0.000000000 0.000000000 -0.364481449 0.000000000 0.931210637 1.450070858 0.000000000 0.000000000 0.000000000 1.000000000
0.931210637 -0.000000000 0.364481449 -0.000000000 0.000000000 1.000000000 0.000000000 0.000000000 -0.364481449 0.000000000 0.931210637 1.491501451 0.000000000 0.000000000 0.000000000 1.000000000
0.931210637 -0.000000000 0.364481449 -0.000000000 0.000000000 1.000000000 0.000000000 0.000000000 -0.364481449 0.000000000 0.931210637 1.532932043 0.000000000 0.000000000 0.000000000 1.000000000
0.931210637 -0.000000000 0.364481449 -0.000000000 0.000000000 1.000000000 0.000000000 0.000000000 -0.364481449 0.000000000 0.931210637 1.574362636 0.000000000 0.000000000 0.000000000 1.000000000
0.931210637 -0.000000000 0.364481449 0.000000000 0.000000000 1.000000000 0.000000000 0.000000000 -0.364481449 0.000000000 0.931210637 1.615793228 0.000000000 0.000000000 0.000000000 1.000000000
0.931210637 -0.000000000 0.364481449 -0.000000000 0.000000000 1.000000000 0.000000000 0.000000000 -0.364481449 0.000000000 0.931210637 1.657223821 0.000000000 0.000000000 0.000000000 1.000000000
0.931210637 -0.000000000 0.364481449 -0.000000000 0.000000000 1.000000000 0.000000000 0.000000000 -0.364481449 0.000000000 0.931210637 1.698654413 0.000000000 0.000000000 0.000000000 1.000000000
0.931210637 -0.000000000 0.364481449 0.000000000 0.000000000 1.000000000 0.000000000 0.000000000 -0.364481449 0.000000000 0.931210637 1.740085006 0.000000000 0.000000000 0.000000000 1.000000000
0.931210637 -0.000000000 0.364481449 0.000000000 0.000000000 1.000000000 0.000000000 0.000000000 -0.364481449 0.000000000 0.931210637 1.781515598 0.000000000 0.000000000 0.000000000 1.000000000
0.931210637 -0.000000000 0.364481449 0.000000000 0.000000000 1.000000000 0.000000000 0.000000000 -0.364481449 0.000000000 0.931210637 1.822946310 0.000000000 0.000000000 0.000000000 1.000000000
0.931210637 -0.000000000 0.364481449 0.000000000 0.000000000 1.000000000 0.000000000 0.000000000 -0.364481449 0.000000000 0.931210637 1.864376903 0.000000000 0.000000000 0.000000000 1.000000000
0.931210637 -0.000000000 0.364481449 0.000000000 0.000000000 1.000000000 0.000000000 0.000000000 -0.364481449 0.000000000 0.931210637 1.905807495 0.000000000 0.000000000 0.000000000 1.000000000
0.931210637 -0.000000000 0.364481449 -0.000000000 0.000000000 1.000000000 0.000000000 0.000000000 -0.364481449 0.000000000 0.931210637 1.947238088 0.000000000 0.000000000 0.000000000 1.000000000
0.931210637 -0.000000000 0.364481449 0.000000000 0.000000000 1.000000000 0.000000000 0.000000000 -0.364481449 0.000000000 0.931210637 1.988668680 0.000000000 0.000000000 0.000000000 1.000000000
0.931210637 0.000000000 0.364481449 -0.000000000 0.000000000 1.000000000 0.000000000 -0.000000000 -0.364481449 0.000000000 0.931210637 2.030099154 0.000000000 0.000000000 0.000000000 1.000000000
0.924283087 0.000000000 0.381707728 0.037691355 0.000000000 1.000000000 0.000000000 -0.000000000 -0.381707728 0.000000000 0.924283087 2.029749155 0.000000000 0.000000000 0.000000000 1.000000000
0.917036891 0.000000000 0.398802429 0.075369716 0.000000000 1.000000000 0.000000000 -0.000000000 -0.398802429 0.000000000 0.917036891 2.028699636 0.000000000 0.000000000 0.000000000 1.000000000
0.909474492 0.000000000 0.415759623 0.113022089 0.000000000 1.000000000 0.000000000 -0.000000000 -0.415759623 0.000000000 0.909474492 2.026950359 0.000000000 0.000000000 0.000000000 1.000000000
0.901598692 0.000000000 0.432573497 0.150635421 0.000000000 1.000000000 0.000000000 -0.000000000 -0.432573497 0.000000000 0.901598692 2.024502754 0.000000000 0.000000000 0.000000000 1.000000000
0.893411934 0.000000000 0.449238271 0.188197017 0.000000000 1.000000000 0.000000000 -0.000000000 -0.449238271 0.000000000 0.893411934 2.021357059 0.000000000 0.000000000 0.000000000 1.000000000
0.884917319 0.000000000 0.465748161 0.225693583 0.000000000 1.000000000 0.000000000 -0.000000000 -0.465748161 0.000000000 0.884917319 2.017514467 0.000000000 0.000000000 0.000000000 1.000000000
0.876117527 0.000000000 0.482097477 0.263112426 0.000000000 1.000000000 0.000000000 -0.000000000 -0.482097477 0.000000000 0.876117527 2.012976408 0.000000000 0.000000000 0.000000000 1.000000000
0.867015779 0.000000000 0.498280585 0.300440431 0.000000000 1.000000000 0.000000000 -0.000000000 -0.498280585 0.000000000 0.867015779 2.007744312 0.000000000 0.000000000 0.000000000 1.000000000
0.857615173 0.000000000 0.514292002 0.337665081 0.000000000 1.000000000 0.000000000 -0.000000000 -0.514292002 0.000000000 0.857615173 2.001820326 0.000000000 0.000000000 0.000000000 1.000000000
0.847918808 0.000000000 0.530126035 0.374773145 0.000000000 1.000000000 0.000000000 -0.000000000 -0.530126035 0.000000000 0.847918808 1.995206118 0.000000000 0.000000000 0.000000000 1.000000000
0.837930262 0.000000000 0.545777321 0.411751986 0.000000000 1.000000000 0.000000000 -0.000000000 -0.545777321 0.000000000 0.837930262 1.987904072 0.000000000 0.000000000 0.000000000 1.000000000
0.827652752 0.000000000 0.561240554 0.448589146 0.000000000 1.000000000 0.000000000 -0.000000000 -0.561240554 0.000000000 0.827652752 1.979916692 0.000000000 0.000000000 0.000000000 1.000000000
0.817089975 0.000000000 0.576510191 0.485271394 0.000000000 1.000000000 0.000000000 -0.000000000 -0.576510191 0.000000000 0.817089975 1.971246839 0.000000000 0.000000000 0.000000000 1.000000000
0.806245446 0.000000000 0.591581106 0.521786451 0.000000000 1.000000000 0.000000000 -0.000000000 -0.591581106 0.000000000 0.806245446 1.961897254 0.000000000 0.000000000 0.000000000 1.000000000
0.795123041 0.000000000 0.606448114 0.558121622 0.000000000 1.000000000 0.000000000 -0.000000000 -0.606448114 0.000000000 0.795123041 1.951871514 0.000000000 0.000000000 0.000000000 1.000000000
0.783726513 0.000000000 0.621106029 0.594264269 0.000000000 1.000000000 0.000000000 -0.000000000 -0.621106029 0.000000000 0.783726513 1.941172838 0.000000000 0.000000000 0.000000000 1.000000000
0.772059798 0.000000000 0.635549903 0.630202353 0.000000000 1.000000000 0.000000000 -0.000000000 -0.635549903 0.000000000 0.772059798 1.929805040 0.000000000 0.000000000 0.000000000 1.000000000
0.760126889 0.000000000 0.649774551 0.665922940 0.000000000 1.000000000 0.000000000 -0.000000000 -0.649774551 0.000000000 0.760126889 1.917771816 0.000000000 0.000000000 0.000000000 1.000000000
0.747932076 0.000000000 0.663775325 0.701413929 0.000000000 1.000000000 0.000000000 -0.000000000 -0.663775325 0.000000000 0.747932076 1.905077696 0.000000000 0.000000000 0.000000000 1.000000000
0.735479295 0.000000000 0.677547216 0.736663222 0.000000000 1.000000000 0.000000000 -0.000000000 -0.677547216 0.000000000 0.735479295 1.891726494 0.000000000 0.000000000 0.000000000 1.000000000
0.722772956 0.000000000 0.691085517 0.771658599 0.000000000 1.000000000 0.000000000 -0.000000000 -0.691085517 0.000000000 0.722772956 1.877723336 0.000000000 0.000000000 0.000000000 1.000000000
0.709817529 0.000000000 0.704385638 0.806388021 0.000000000 1.000000000 0.000000000 -0.000000000 -0.704385638 0.000000000 0.709817529 1.863072991 0.000000000 0.000000000 0.000000000 1.000000000
0.696617365 0.000000000 0.717442870 0.840839207 0.000000000 1.000000000 0.000000000 -0.000000000 -0.717442870 0.000000000 0.696617365 1.847780228 0.000000000 0.000000000 0.000000000 1.000000000
0.683177114 0.000000000 0.730252743 0.875000536 0.000000000 1.000000000 0.000000000 -0.000000000 -0.730252743 0.000000000 0.683177114 1.831850529 0.000000000 0.000000000 0.000000000 1.000000000
0.669501245 0.000000000 0.742810965 0.908860564 0.000000000 1.000000000 0.000000000 -0.000000000 -0.742810965 0.000000000 0.669501245 1.815289259 0.000000000 0.000000000 0.000000000 1.000000000
0.655594587 0.000000000 0.755113006 0.942406952 0.000000000 1.000000000 0.000000000 -0.000000000 -0.755113006 0.000000000 0.655594587 1.798102140 0.000000000 0.000000000 0.000000000 1.000000000
0.641461909 0.000000000 0.767154813 0.975628495 0.000000000 1.000000000 0.000000000 -0.000000000 -0.767154813 0.000000000 0.641461909 1.780295134 0.000000000 0.000000000 0.000000000 1.000000000
0.627108216 0.000000000 0.778932154 1.008513808 0.000000000 1.000000000 0.000000000 -0.000000000 -0.778932154 0.000000000 0.627108216 1.761874557 0.000000000 0.000000000 0.000000000 1.000000000
0.612538278 0.000000000 0.790440917 1.041051388 0.000000000 1.000000000 0.000000000 -0.000000000 -0.790440917 0.000000000 0.612538278 1.742846727 0.000000000 0.000000000 0.000000000 1.000000000
0.597757101 0.000000000 0.801677227 1.073230028 0.000000000 1.000000000 0.000000000 -0.000000000 -0.801677227 0.000000000 0.597757101 1.723217607 0.000000000 0.000000000 0.000000000 1.000000000
0.582769990 0.000000000 0.812637210 1.105038881 0.000000000 1.000000000 0.000000000 -0.000000000 -0.812637210 0.000000000 0.582769990 1.702994943 0.000000000 0.000000000 0.000000000 1.000000000
0.567581832 0.000000000 0.823316932 1.136466622 0.000000000 1.000000000 0.000000000 -0.000000000 -0.823316932 0.000000000 0.567581832 1.682184815 0.000000000 0.000000000 0.000000000 1.000000000
0.552198052 0.000000000 0.833712995 1.167502761 0.000000000 1.000000000 0.000000000 -0.000000000 -0.833712995 0.000000000 0.552198052 1.660794973 0.000000000 0.000000000 0.000000000 1.000000000
0.536624014 0.000000000 0.843821526 1.198136210 0.000000000 1.000000000 0.000000000 -0.000000000 -0.843821526 0.000000000 0.536624014 1.638832569 0.000000000 0.000000000 0.000000000 1.000000000
0.520864844 0.000000000 0.853639126 1.228356719 0.000000000 1.000000000 0.000000000 -0.000000000 -0.853639126 0.000000000 0.520864844 1.616305113 0.000000000 0.000000000 0.000000000 1.000000000
0.504926205 0.000000000 0.863162458 1.258153558 0.000000000 1.000000000 0.000000000 -0.000000000 -0.863162458 0.000000000 0.504926205 1.593220472 0.000000000 0.000000000 0.000000000 1.000000000
0.488813400 0.000000000 0.872388363 1.287517071 0.000000000 1.000000000 0.000000000 -0.000000000 -0.872388363 0.000000000 0.488813400 1.569586515 0.000000000 0.000000000 0.000000000 1.000000000
0.472532243 0.000000000 0.881313384 1.316436410 0.000000000 1.000000000 0.000000000 -0.000000000 -0.881313384 0.000000000 0.472532243 1.545411825 0.000000000 0.000000000 0.000000000 1.000000000
0.456088096 0.000000000 0.889934659 1.344902039 0.000000000 1.000000000 0.000000000 -0.000000000 -0.889934659 0.000000000 0.456088096 1.520704150 0.000000000 0.000000000 0.000000000 1.000000000
0.439486682 0.000000000 0.898249090 1.372903943 0.000000000 1.000000000 0.000000000 -0.000000000 -0.898249090 0.000000000 0.439486682 1.495472193 0.000000000 0.000000000 0.000000000 1.000000000
0.422733784 0.000000000 0.906253934 1.400432706 0.000000000 1.000000000 0.000000000 -0.000000000 -0.906253934 0.000000000 0.422733784 1.469724655 0.000000000 0.000000000 0.000000000 1.000000000
0.405835181 0.000000000 0.913946331 1.427478671 0.000000000 1.000000000 0.000000000 -0.000000000 -0.913946331 0.000000000 0.405835181 1.443470597 0.000000000 0.000000000 0.000000000 1.000000000
0.388796628 0.000000000 0.921323597 1.454032421 0.000000000 1.000000000 0.000000000 -0.000000000 -0.921323597 0.000000000 0.388796628 1.416718721 0.000000000 0.000000000 0.000000000 1.000000000
0.371624082 0.000000000 0.928383231 1.480084896 0.000000000 1.000000000 0.000000000 -0.000000000 -0.928383231 0.000000000 0.371624082 1.389478564 0.000000000 0.000000000 0.000000000 1.000000000
0.354323387 0.000000000 0.935122967 1.505627394 0.000000000 1.000000000 0.000000000 -0.000000000 -0.935122967 0.000000000 0.354323387 1.361759424 0.000000000 0.000000000 0.000000000 1.000000000
0.336900622 0.000000000 0.941540122 1.530650377 0.000000000 1.000000000 0.000000000 -0.000000000 -0.941540122 0.000000000 0.336900622 1.333570838 0.000000000 0.000000000 0.000000000 1.000000000
0.319361717 0.000000000 0.947632909 1.555146098 0.000000000 1.000000000 0.000000000 -0.000000000 -0.947632909 0.000000000 0.319361717 1.304922581 0.000000000 0.000000000 0.000000000 1.000000000
0.336536378 0.000000000 0.941670418 1.531166196 0.000000000 1.000000000 0.000000000 -0.000000000 -0.941670418 0.000000000 0.336536378 1.332978606 0.000000000 0.000000000 0.000000000 1.000000000
0.353599846 0.000000000 0.935396791 1.506680489 0.000000000 1.000000000 0.000000000 -0.000000000 -0.935396791 0.000000000 0.353599846 1.360594273 0.000000000 0.000000000 0.000000000 1.000000000
0.370546520 0.000000000 0.928813875 1.481696248 0.000000000 1.000000000 0.000000000 -0.000000000 -0.928813875 0.000000000 0.370546520 1.387760162 0.000000000 0.000000000 0.000000000 1.000000000
0.387370616 0.000000000 0.921924114 1.456222892 0.000000000 1.000000000 0.000000000 -0.000000000 -0.921924114 0.000000000 0.387370616 1.414467335 0.000000000 0.000000000 0.000000000 1.000000000
0.404066741 0.000000000 0.914729476 1.430267692 0.000000000 1.000000000 0.000000000 -0.000000000 -0.914729476 0.000000000 0.404066741 1.440706968 0.000000000 0.000000000 0.000000000 1.000000000
0.420629293 0.000000000 0.907232583 1.403840065 0.000000000 1.000000000 0.000000000 -0.000000000 -0.907232583 0.000000000 0.420629293 1.466470361 0.000000000 0.000000000 0.000000000 1.000000000
0.437052846 0.000000000 0.899435818 1.376948357 0.000000000 1.000000000 0.000000000 -0.000000000 -0.899435818 0.000000000 0.437052846 1.491749167 0.000000000 0.000000000 0.000000000 1.000000000
0.453331947 0.000000000 0.891341805 1.349601507 0.000000000 1.000000000 0.000000000 -0.000000000 -0.891341805 0.000000000 0.453331947 1.516535044 0.000000000 0.000000000 0.000000000 1.000000000
0.469461173 0.000000000 0.882953107 1.321808577 0.000000000 1.000000000 0.000000000 -0.000000000 -0.882953107 0.000000000 0.469461173 1.540819407 0.000000000 0.000000000 0.000000000 1.000000000
0.485435247 0.000000000 0.874272645 1.293578863 0.000000000 1.000000000 0.000000000 -0.000000000 -0.874272645 0.000000000 0.485435247 1.564594626 0.000000000 0.000000000 0.000000000 1.000000000
0.501248837 0.000000000 0.865303159 1.264921427 0.000000000 1.000000000 0.000000000 -0.000000000 -0.865303159 0.000000000 0.501248837 1.587852597 0.000000000 0.000000000 0.000000000 1.000000000
0.516896844 0.000000000 0.856047690 1.235845923 0.000000000 1.000000000 0.000000000 -0.000000000 -0.856047690 0.000000000 0.516896844 1.610585928 0.000000000 0.000000000 0.000000000 1.000000000
0.532373965 0.000000000 0.846509218 1.206362009 0.000000000 1.000000000 0.000000000 -0.000000000 -0.846509218 0.000000000 0.532373965 1.632786870 0.000000000 0.000000000 0.000000000 1.000000000
0.547675014 0.000000000 0.836691022 1.176479340 0.000000000 1.000000000 0.000000000 -0.000000000 -0.836691022 0.000000000 0.547675014 1.654447794 0.000000000 0.000000000 0.000000000 1.000000000
0.562795222 0.000000000 0.826596379 1.146207929 0.000000000 1.000000000 0.000000000 -0.000000000 -0.826596379 0.000000000 0.562795222 1.675562382 0.000000000 0.000000000 0.000000000 1.000000000
0.577729285 0.000000000 0.816228449 1.115557671 0.000000000 1.000000000 0.000000000 -0.000000000 -0.816228449 0.000000000 0.577729285 1.696123004 0.000000000 0.000000000 0.000000000 1.000000000
0.592472494 0.000000000 0.805590630 1.084538460 0.000000000 1.000000000 0.000000000 -0.000000000 -0.805590630 0.000000000 0.592472494 1.716123104 0.000000000 0.000000000 0.000000000 1.000000000
0.607019782 0.000000000 0.794686675 1.053161025 0.000000000 1.000000000 0.000000000 -0.000000000 -0.794686675 0.000000000 0.607019782 1.735555649 0.000000000 0.000000000 0.000000000 1.000000000
0.621366501 0.000000000 0.783519983 1.021435380 0.000000000 1.000000000 0.000000000 -0.000000000 -0.783519983 0.000000000 0.621366501 1.754414916 0.000000000 0.000000000 0.000000000 1.000000000
0.635507822 0.000000000 0.772094429 0.989372253 0.000000000 1.000000000 0.000000000 -0.000000000 -0.772094429 0.000000000 0.635507822 1.772694111 0.000000000 0.000000000 0.000000000 1.000000000
0.649439096 0.000000000 0.760413647 0.956982136 0.000000000 1.000000000 0.000000000 -0.000000000 -0.760413647 0.000000000 0.649439096 1.790387630 0.000000000 0.000000000 0.000000000 1.000000000
0.663155735 0.000000000 0.748481393 0.924275458 0.000000000 1.000000000 0.000000000 -0.000000000 -0.748481393 0.000000000 0.663155735 1.807489157 0.000000000 0.000000000 0.000000000 1.000000000
0.676653087 0.000000000 0.736301899 0.891263485 0.000000000 1.000000000 0.000000000 -0.000000000 -0.736301899 0.000000000 0.676653087 1.823993206 0.000000000 0.000000000 0.000000000 1.000000000
0.689926982 0.000000000 0.723879039 0.857957006 0.000000000 1.000000000 0.000000000 -0.000000000 -0.723879039 0.000000000 0.689926982 1.839894772 0.000000000 0.000000000 0.000000000 1.000000000
0.702972710 0.000000000 0.711216807 0.824366689 0.000000000 1.000000000 0.000000000 -0.000000000 -0.711216807 0.000000000 0.702972710 1.855187893 0.000000000 0.000000000 0.000000000 1.000000000
0.715786099 0.000000000 0.698319554 0.790503979 0.000000000 1.000000000 0.000000000 -0.000000000 -0.698319554 0.000000000 0.715786099 1.869867802 0.000000000 0.000000000 0.000000000 1.000000000
0.728362918 0.000000000 0.685191572 0.756380141 0.000000000 1.000000000 0.000000000 -0.000000000 -0.685191572 0.000000000 0.728362918 1.883929729 0.000000000 0.000000000 0.000000000 1.000000000
0.740698993 0.000000000 0.671837091 0.722006381 0.000000000 1.000000000 0.000000000 -0.000000000 -0.671837091 0.000000000 0.740698993 1.897369146 0.000000000 0.000000000 0.000000000 1.000000000
0.752790213 0.000000000 0.658260465 0.687393665 0.000000000 1.000000000 0.000000000 -0.000000000 -0.658260465 0.000000000 0.752790213 1.910181046 0.000000000 0.000000000 0.000000000 1.000000000
0.764632702 0.000000000 0.644466281 0.652553856 0.000000000 1.000000000 0.000000000 -0.000000000 -0.644466281 0.000000000 0.764632702 1.922361970 0.000000000 0.000000000 0.000000000 1.000000000
0.776222348 0.000000000 0.630459189 0.617498577 0.000000000 1.000000000 0.000000000 -0.000000000 -0.630459189 0.000000000 0.776222348 1.933907390 0.000000000 0.000000000 0.000000000 1.000000000
0.787555575 0.000000000 0.616243601 0.582238913 0.000000000 1.000000000 0.000000000 -0.000000000 -0.616243601 0.000000000 0.787555575 1.944813728 0.000000000 0.000000000 0.000000000 1.000000000
0.798628390 0.000000000 0.601824403 0.546787024 0.000000000 1.000000000 0.000000000 -0.000000000 -0.601824403 0.000000000 0.798628390 1.955076933 0.000000000 0.000000000 0.000000000 1.000000000
0.809437275 0.000000000 0.587206244 0.511154175 0.000000000 1.000000000 0.000000000 -0.000000000 -0.587206244 0.000000000 0.809437275 1.964694142 0.000000000 0.000000000 0.000000000 1.000000000
0.819978714 0.000000000 0.572394073 0.475352585 0.000000000 1.000000000 0.000000000 -0.000000000 -0.572394073 0.000000000 0.819978714 1.973662257 0.000000000 0.000000000 0.000000000 1.000000000
0.830249012 0.000000000 0.557392657 0.439393818 0.000000000 1.000000000 0.000000000 -0.000000000 -0.557392657 0.000000000 0.830249012 1.981977701 0.000000000 0.000000000 0.000000000 1.000000000
0.840244949 0.000000000 0.542207003 0.403289735 0.000000000 1.000000000 0.000000000 -0.000000000 -0.542207003 0.000000000 0.840244949 1.989638090 0.000000000 0.000000000 0.000000000 1.000000000
0.849963129 0.000000000 0.526842177 0.367052555 0.000000000 1.000000000 0.000000000 -0.000000000 -0.526842177 0.000000000 0.849963129 1.996640921 0.000000000 0.000000000 0.000000000 1.000000000
0.859400392 0.000000000 0.511303186 0.330693901 0.000000000 1.000000000 0.000000000 -0.000000000 -0.511303186 0.000000000 0.859400392 2.002983570 0.000000000 0.000000000 0.000000000 1.000000000
0.868553579 0.000000000 0.495595217 0.294226050 0.000000000 1.000000000 0.000000000 -0.000000000 -0.495595217 0.000000000 0.868553579 2.008664608 0.000000000 0.000000000 0.000000000 1.000000000
0.877419710 0.000000000 0.479723424 0.257660866 0.000000000 1.000000000 0.000000000 -0.000000000 -0.479723424 0.000000000 0.877419710 2.013681412 0.000000000 0.000000000 0.000000000 1.000000000
0.885995924 0.000000000 0.463693082 0.221010447 0.000000000 1.000000000 0.000000000 -0.000000000 -0.463693082 0.000000000 0.885995924 2.018033028 0.000000000 0.000000000 0.000000000 1.000000000
0.894279122 0.000000000 0.447509497 0.184287250 0.000000000 1.000000000 0.000000000 -0.000000000 -0.447509497 0.000000000 0.894279122 2.021717072 0.000000000 0.000000000 0.000000000 1.000000000
0.902266860 0.000000000 0.431177974 0.147502899 0.000000000 1.000000000 0.000000000 -0.000000000 -0.431177974 0.000000000 0.902266860 2.024733305 0.000000000 0.000000000 0.000000000 1.000000000
0.909956396 0.000000000 0.414703935 0.110669792 0.000000000 1.000000000 0.000000000 -0.000000000 -0.414703935 0.000000000 0.909956396 2.027080297 0.000000000 0.000000000 0.000000000 1.000000000
0.917345107 0.000000000 0.398092836 0.073800206 0.000000000 1.000000000 0.000000000 -0.000000000 -0.398092836 0.000000000 0.917345107 2.028757095 0.000000000 0.000000000 0.000000000 1.000000000
0.924430668 0.000000000 0.381350160 0.036906123 0.000000000 1.000000000 0.000000000 -0.000000000 -0.381350160 0.000000000 0.924430668 2.029763699 0.000000000 0.000000000 0.000000000 1.000000000
0.931210637 0.000000000 0.364481449 -0.000000000 0.000000000 1.000000000 0.000000000 -0.000000000 -0.364481449 0.000000000 0.931210637 2.030099154 0.000000000 0.000000000 0.000000000 1.000000000
0.931210637 -0.000000000 0.364481449 0.000000000 0.000000000 1.000000000 0.000000000 0.000000000 -0.364481449 0.000000000 0.931210637 2.030099154 0.000000000 0.000000000 0.000000000 1.000000000
0.931210637 -0.000000000 0.364481449 0.000000000 0.000000000 1.000000000 0.000000000 0.000000000 -0.364481449 0.000000000 0.931210637 2.071529865 0.000000000 0.000000000 0.000000000 1.000000000
0.931210637 -0.000000000 0.364481449 -0.000000000 0.000000000 1.000000000 0.000000000 0.000000000 -0.364481449 0.000000000 0.931210637 2.112960339 0.000000000 0.000000000 0.000000000 1.000000000
0.931210637 -0.000000000 0.364481449 0.000000000 0.000000000 1.000000000 0.000000000 0.000000000 -0.364481449 0.000000000 0.931210637 2.154391050 0.000000000 0.000000000 0.000000000 1.000000000
0.931210637 -0.000000000 0.364481449 0.000000000 0.000000000 1.000000000 0.000000000 0.000000000 -0.364481449 0.000000000 0.931210637 2.195821524 0.000000000 0.000000000 0.000000000 1.000000000
0.931210637 -0.000000000 0.364481449 0.000000000 0.000000000 1.000000000 0.000000000 0.000000000 -0.364481449 0.000000000 0.931210637 2.237252235 0.000000000 0.000000000 0.000000000 1.000000000
0.931210637 -0.000000000 0.364481449 -0.000000000 0.000000000 1.000000000 0.000000000 0.000000000 -0.364481449 0.000000000 0.931210637 2.278682709 0.000000000 0.000000000 0.000000000 1.000000000
0.931210637 -0.000000000 0.364481449 0.000000000 0.000000000 1.000000000 0.000000000 0.000000000 -0.364481449 0.000000000 0.931210637 2.320113420 0.000000000 0.000000000 0.000000000 1.000000000
0.931210637 -0.000000000 0.364481449 -0.000000000 0.000000000 1.000000000 0.000000000 0.000000000 -0.364481449 0.000000000 0.931210637 2.361543894 0.000000000 0.000000000 0.000000000 1.000000000
0.931210637 -0.000000000 0.364481449 0.000000000 0.000000000 1.000000000 0.000000000 0.000000000 -0.364481449 0.000000000 0.931210637 2.402974606 0.000000000 0.000000000 0.000000000 1.000000000
0.931210637 -0.000000000 0.364481449 -0.000000000 0.000000000 1.000000000 0.000000000 0.000000000 -0.364481449 0.000000000 0.931210637 2.444405317 0.000000000 0.000000000 0.000000000 1.000000000
0.931210637 -0.000000000 0.364481449 -0.000000000 0.000000000 1.000000000 0.000000000 0.000000000 -0.364481449 0.000000000 0.931210637 2.485835791 0.000000000 0.000000000 0.000000000 1.000000000
0.931210637 -0.000000000 0.364481449 -0.000000000 0.000000000 1.000000000 0.000000000 0.000000000 -0.364481449 0.000000000 0.931210637 2.527266502 0.000000000 0.000000000 0.000000000 1.000000000
0.931210637 -0.000000000 0.364481449 0.000000000 0.000000000 1.000000000 0.000000000 0.000000000 -0.364481449 0.000000000 0.931210637 2.568696976 0.000000000 0.000000000 0.000000000 1.000000000
0.931210637 -0.000000000 0.364481449 -0.000000000 0.000000000 1.000000000 0.000000000 0.000000000 -0.364481449 0.000000000 0.931210637 2.610127687 0.000000000 0.000000000 0.000000000 1.000000000
0.931210637 -0.000000000 0.364481449 -0.000000000 0.000000000 1.000000000 0.000000000 0.000000000 -0.364481449 0.000000000 0.931210637 2.651558161 0.000000000 0.000000000 0.000000000 1.000000000
0.931210637 -0.000000000 0.364481449 0.000000000 0.000000000 1.000000000 0.000000000 0.000000000 -0.364481449 0.000000000 0.931210637 2.692988873 0.000000000 0.000000000 0.000000000 1.000000000
0.931210637 -0.000000000 0.364481449 -0.000000000 0.000000000 1.000000000 0.000000000 0.000000000 -0.364481449 0.000000000 0.931210637 2.734419346 0.000000000 0.000000000 0.000000000 1.000000000
0.931210637 -0.000000000 0.364481449 -0.000000000 0.000000000 1.000000000 0.000000000 0.000000000 -0.364481449 0.000000000 0.931210637 2.775850058 0.000000000 0.000000000 0.000000000 1.000000000
0.931210637 -0.000000000 0.364481449 0.000000000 0.000000000 1.000000000 0.000000000 0.000000000 -0.364481449 0.000000000 0.931210637 2.817280531 0.000000000 0.000000000 0.000000000 1.000000000
0.931210637 -0.000000000 0.364481449 0.000000000 0.000000000 1.000000000 0.000000000 0.000000000 -0.364481449 0.000000000 0.931210637 2.858711243 0.000000000 0.000000000 0.000000000 1.000000000
0.931210637 -0.000000000 0.364481449 -0.000000000 0.000000000 1.000000000 0.000000000 0.000000000 -0.364481449 0.000000000 0.931210637 2.900141716 0.000000000 0.000000000 0.000000000 1.000000000
0.931210637 -0.000000000 0.364481449 -0.000000000 0.000000000 1.000000000 0.000000000 0.000000000 -0.364481449 0.000000000 0.931210637 2.941572428 0.000000000 0.000000000 0.000000000 1.000000000
0.931210637 -0.000000000 0.364481449 -0.000000000 0.000000000 1.000000000 0.000000000 0.000000000 -0.364481449 0.000000000 0.931210637 2.983002901 0.000000000 0.000000000 0.000000000 1.000000000
0.931210637 -0.000000000 0.364481449 0.000000000 0.000000000 1.000000000 0.000000000 0.000000000 -0.364481449 0.000000000 0.931210637 3.024433613 0.000000000 0.000000000 0.000000000 1.000000000
0.931210637 -0.000000000 0.364481449 -0.000000000 0.000000000 1.000000000 0.000000000 0.000000000 -0.364481449 0.000000000 0.931210637 3.065864086 0.000000000 0.000000000 0.000000000 1.000000000
0.931210637 -0.000000000 0.364481449 0.000000000 0.000000000 1.000000000 0.000000000 0.000000000 -0.364481449 0.000000000 0.931210637 3.107294798 0.000000000 0.000000000 0.000000000 1.000000000
0.931210637 -0.000000000 0.364481449 -0.000000000 0.000000000 1.000000000 0.000000000 0.000000000 -0.364481449 0.000000000 0.931210637 3.148725271 0.000000000 0.000000000 0.000000000 1.000000000
0.931210637 -0.000000000 0.364481449 -0.000000000 0.000000000 1.000000000 0.000000000 0.000000000 -0.364481449 0.000000000 0.931210637 3.190155983 0.000000000 0.000000000 0.000000000 1.000000000
0.931210637 -0.000000000 0.364481449 0.000000000 0.000000000 1.000000000 0.000000000 0.000000000 -0.364481449 0.000000000 0.931210637 3.231586456 0.000000000 0.000000000 0.000000000 1.000000000
0.931210637 -0.000000000 0.364481449 -0.000000000 0.000000000 1.000000000 0.000000000 0.000000000 -0.364481449 0.000000000 0.931210637 3.273017168 0.000000000 0.000000000 0.000000000 1.000000000
0.931210637 -0.000000000 0.364481449 -0.000000000 0.000000000 1.000000000 0.000000000 0.000000000 -0.364481449 0.000000000 0.931210637 3.314447641 0.000000000 0.000000000 0.000000000 1.000000000
0.931210637 -0.000000000 0.364481449 0.000000000 0.000000000 1.000000000 0.000000000 0.000000000 -0.364481449 0.000000000 0.931210637 3.355878353 0.000000000 0.000000000 0.000000000 1.000000000
0.931210637 -0.000000000 0.364481449 -0.000000000 0.000000000 1.000000000 0.000000000 0.000000000 -0.364481449 0.000000000 0.931210637 3.397308826 0.000000000 0.000000000 0.000000000 1.000000000
0.931210637 -0.000000000 0.364481449 -0.000000000 0.000000000 1.000000000 0.000000000 0.000000000 -0.364481449 0.000000000 0.931210637 3.438739538 0.000000000 0.000000000 0.000000000 1.000000000
0.931210637 -0.000000000 0.364481449 0.000000000 0.000000000 1.000000000 0.000000000 0.000000000 -0.364481449 0.000000000 0.931210637 3.480170012 0.000000000 0.000000000 0.000000000 1.000000000
0.931210637 -0.000000000 0.364481449 -0.000000000 0.000000000 1.000000000 0.000000000 0.000000000 -0.364481449 0.000000000 0.931210637 3.521600723 0.000000000 0.000000000 0.000000000 1.000000000
0.931210637 -0.000000000 0.364481449 0.000000000 0.000000000 1.000000000 0.000000000 0.000000000 -0.364481449 0.000000000 0.931210637 3.563031197 0.000000000 0.000000000 0.000000000 1.000000000
0.931210637 -0.000000000 0.364481449 -0.000000000 0.000000000 1.000000000 0.000000000 0.000000000 -0.364481449 0.000000000 0.931210637 3.604461908 0.000000000 0.000000000 0.000000000 1.000000000
0.931210637 -0.000000000 0.364481449 0.000000000 0.000000000 1.000000000 0.000000000 0.000000000 -0.364481449 0.000000000 0.931210637 3.645892620 0.000000000 0.000000000 0.000000000 1.000000000
0.931210637 -0.000000000 0.364481449 0.000000000 0.000000000 1.000000000 0.000000000 0.000000000 -0.364481449 0.000000000 0.931210637 3.687323093 0.000000000 0.000000000 0.000000000 1.000000000
0.931210637 -0.000000000 0.364481449 0.000000000 0.000000000 1.000000000 0.000000000 0.000000000 -0.364481449 0.000000000 0.931210637 3.728753805 0.000000000 0.000000000 0.000000000 1.000000000
0.931210637 -0.000000000 0.364481449 -0.000000000 0.000000000 1.000000000 0.000000000 0.000000000 -0.364481449 0.000000000 0.931210637 3.770184278 0.000000000 0.000000000 0.000000000 1.000000000
0.931210637 -0.000000000 0.364481449 0.000000000 0.000000000 1.000000000 0.000000000 0.000000000 -0.364481449 0.000000000 0.931210637 3.811614990 0.000000000 0.000000000 0.000000000 1.000000000
0.931210637 -0.000000000 0.364481449 -0.000000000 0.000000000 1.000000000 0.000000000 0.000000000 -0.364481449 0.000000000 0.931210637 3.853045464 0.000000000 0.000000000 0.000000000 1.000000000
0.931210637 -0.000000000 0.364481449 -0.000000000 0.000000000 1.000000000 0.000000000 0.000000000 -0.364481449 0.000000000 0.931210637 3.894476175 0.000000000 0.000000000 0.000000000 1.000000000
0.931210637 -0.000000000 0.364481449 -0.000000000 0.000000000 1.000000000 0.000000000 0.000000000 -0.364481449 0.000000000 0.931210637 3.935906649 0.000000000 0.000000000 0.000000000 1.000000000
0.931210637 -0.000000000 0.364481449 0.000000000 0.000000000 1.000000000 0.000000000 0.000000000 -0.364481449 0.000000000 0.931210637 3.977337360 0.000000000 0.000000000 0.000000000 1.000000000
0.931210637 -0.000000000 0.364481449 -0.000000000 0.000000000 1.000000000 0.000000000 0.000000000 -0.364481449 0.000000000 0.931210637 4.018767834 0.000000000 0.000000000 0.000000000 1.000000000
