0.47931682 0.85211883 0.5 0.5
0.988990843 -0.017304193 0.146961331 0.060681794 0.017957950 0.999833882 -0.003122795 -0.008536812 -0.146882877 0.005727540 0.989137292 -0.021726330 0.000000000 0.000000000 0.000000000 1.000000000
0.986579418 -0.018593792 0.162220076 0.074398900 0.019480983 0.999802709 -0.003880002 -0.009599460 -0.162115932 0.006988137 0.986746967 -0.026410053 0.000000000 0.000000000 0.000000000 1.000000000
0.983969510 -0.019817011 0.177232146 0.089054909 0.020987250 0.999768555 -0.004730455 -0.010727055 -0.177097380 0.008374238 0.984157681 -0.031197517 0.000000000 0.000000000 0.000000000 1.000000000
0.981134295 -0.021177843 0.192163885 0.103520524 0.022591934 0.999731421 -0.005170417 -0.012897948 -0.192002773 0.009414228 0.981349230 -0.036379892 0.000000000 0.000000000 0.000000000 1.000000000
0.978057802 -0.022369793 0.207129255 0.117754959 0.024212649 0.999686539 -0.006366023 -0.012996274 -0.206921935 0.011241486 0.978292882 -0.041662982 0.000000000 0.000000000 0.000000000 1.000000000
0.974921286 -0.023501573 0.221305490 0.132387524 0.025647838 0.999647737 -0.006829157 -0.014739310 -0.221067026 0.012333898 0.975180626 -0.046765633 0.000000000 0.000000000 0.000000000 1.000000000
0.971798301 -0.024147358 0.234574094 0.146952357 0.026517667 0.999624133 -0.006955336 -0.016744993 -0.234317973 0.012979542 0.972073376 -0.053445865 0.000000000 0.000000000 0.000000000 1.000000000
0.968610048 -0.024234954 0.247400895 0.161401146 0.026967270 0.999606967 -0.007661010 -0.017667055 -0.247117981 0.014092258 0.968882918 -0.060017000 0.000000000 0.000000000 0.000000000 1.000000000
0.965297997 -0.024523931 0.259996742 0.176404160 0.027528772 0.999589622 -0.007921648 -0.019393085 -0.259695768 0.014804143 0.965577006 -0.066320024 0.000000000 0.000000000 0.000000000 1.000000000
0.961655021 -0.024426471 0.273172140 0.189801464 0.027857790 0.999574125 -0.008688711 -0.020763719 -0.272843570 0.015965514 0.961925924 -0.073833061 0.000000000 0.000000000 0.000000000 1.000000000
0.957784832 -0.024404692 0.286448300 0.202876036 0.028235827 0.999558508 -0.009250987 -0.022656637 -0.286096066 0.016948560 0.958051026 -0.081964257 0.000000000 0.000000000 0.000000000 1.000000000
0.953775525 -0.024272664 0.299538046 0.216402963 0.028546529 0.999543428 -0.009899910 -0.023987355 -0.299160987 0.017993063 0.954033017 -0.091496843 0.000000000 0.000000000 0.000000000 1.000000000
0.949710190 -0.024043296 0.312205762 0.228838689 0.028519375 0.999545395 -0.009778092 -0.025671122 -0.311828732 0.018190267 0.949964166 -0.102032427 0.000000000 0.000000000 0.000000000 1.000000000
0.945516407 -0.023493698 0.324725628 0.240723989 0.028224420 0.999552906 -0.009865122 -0.025526276 -0.324348688 0.018492827 0.945756793 -0.114072299 0.000000000 0.000000000 0.000000000 1.000000000
0.941100478 -0.023046300 0.337340683 0.252194153 0.027863385 0.999567151 -0.009444230 -0.026258977 -0.336977005 0.018287424 0.941335261 -0.127876539 0.000000000 0.000000000 0.000000000 1.000000000
0.936493933 -0.022744175 0.349945486 0.263555739 0.027729770 0.999572754 -0.009242309 -0.026781988 -0.349585772 0.018359276 0.936724484 -0.143293567 0.000000000 0.000000000 0.000000000 1.000000000
0.931612670 -0.022135612 0.362777948 0.274433972 0.027448969 0.999578059 -0.009497638 -0.027828876 -0.362414658 0.018806001 0.931827188 -0.161928561 0.000000000 0.000000000 0.000000000 1.000000000
0.926535308 -0.021665310 0.375583470 0.285057691 0.027509488 0.999569476 -0.010204201 -0.028420564 -0.375200689 0.019786661 0.926732421 -0.182094257 0.000000000 0.000000000 0.000000000 1.000000000
0.921176612 -0.021321392 0.388560265 0.294850653 0.027732281 0.999556005 -0.010897673 -0.028994014 -0.388155371 0.020814342 0.921358883 -0.204255679 0.000000000 0.000000000 0.000000000 1.000000000
0.915539622 -0.020928601 0.401682973 0.303318026 0.027838115 0.999547780 -0.011371559 -0.029161845 -0.401263326 0.021593209 0.915708184 -0.228090697 0.000000000 0.000000000 0.000000000 1.000000000
0.909842551 -0.020381920 0.414452732 0.310126035 0.027464395 0.999560773 -0.011135912 -0.029246649 -0.414043695 0.021514621 0.910002708 -0.252357521 0.000000000 0.000000000 0.000000000 1.000000000
0.904362559 -0.019888641 0.426301360 0.317520046 0.027055018 0.999576032 -0.010760779 -0.027887855 -0.425906599 0.021265237 0.904517174 -0.276732746 0.000000000 0.000000000 0.000000000 1.000000000
0.898549199 -0.019351015 0.438445926 0.323688494 0.026643446 0.999589980 -0.010485595 -0.026467289 -0.438063264 0.021103533 0.898696423 -0.301243316 0.000000000 0.000000000 0.000000000 1.000000000
0.892644167 -0.019128682 0.450355917 0.330318048 0.026500430 0.999598086 -0.010068617 -0.024568115 -0.449982315 0.020922318 0.892792344 -0.325091872 0.000000000 0.000000000 0.000000000 1.000000000
0.886574209 -0.018893780 0.462200373 0.336697198 0.026176861 0.999613583 -0.009349300 -0.023515523 -0.461845130 0.020387802 0.886726260 -0.348496747 0.000000000 0.000000000 0.000000000 1.000000000
0.880298018 -0.018777203 0.474049360 0.343408143 0.025981003 0.999625027 -0.008650713 -0.022777474 -0.473709166 0.019931482 0.880455792 -0.372229556 0.000000000 0.000000000 0.000000000 1.000000000
0.873832345 -0.018957455 0.485857636 0.349960102 0.026169345 0.999625027 -0.008062596 -0.022398958 -0.485522598 0.019759933 0.874000788 -0.396490763 0.000000000 0.000000000 0.000000000 1.000000000
0.867361844 -0.019476887 0.497296810 0.356881320 0.026505474 0.999623597 -0.007078832 -0.023179378 -0.496971756 0.019320996 0.867551625 -0.421762876 0.000000000 0.000000000 0.000000000 1.000000000
0.861468613 -0.020266883 0.507406235 0.365063416 0.027039608 0.999616444 -0.005980739 -0.023396683 -0.507090449 0.018872285 0.861686230 -0.447928154 0.000000000 0.000000000 0.000000000 1.000000000
0.856106877 -0.021366091 0.516356945 0.373787984 0.027696140 0.999606013 -0.004557281 -0.024282303 -0.516056120 0.018202614 0.856361330 -0.475102053 0.000000000 0.000000000 0.000000000 1.000000000
0.850893736 -0.022554519 0.524853468 0.383699539 0.028410073 0.999591529 -0.003103051 -0.025407542 -0.524569094 0.017551493 0.851186931 -0.502974503 0.000000000 0.000000000 0.000000000 1.000000000
0.845780909 -0.024051446 0.532988012 0.394544526 0.029483669 0.999563873 -0.001680652 -0.026003507 -0.532715142 0.017135905 0.846121132 -0.532174693 0.000000000 0.000000000 0.000000000 1.000000000
0.840573072 -0.025590396 0.541093409 0.404375081 0.030721102 0.999527872 -0.000452816 -0.025391223 -0.540826380 0.017003611 0.840962350 -0.561128052 0.000000000 0.000000000 0.000000000 1.000000000
0.835486472 -0.027464544 0.548824191 0.414164974 0.032166265 0.999481976 0.001049221 -0.024101043 -0.548568726 0.016777014 0.835937142 -0.589987598 0.000000000 0.000000000 0.000000000 1.000000000
0.830442250 -0.029001649 0.556349337 0.423307946 0.033285249 0.999442995 0.002415781 -0.022872740 -0.556109488 0.016512059 0.830945015 -0.618477742 0.000000000 0.000000000 0.000000000 1.000000000
0.825537264 -0.030444343 0.563525856 0.431252941 0.034180127 0.999408007 0.003920584 -0.022280189 -0.563311577 0.016024796 0.826089144 -0.646596527 0.000000000 0.000000000 0.000000000 1.000000000
0.820945740 -0.031964533 0.570110857 0.439525746 0.035137638 0.999367714 0.005434431 -0.021983449 -0.569924057 0.015570975 0.821549833 -0.674951630 0.000000000 0.000000000 0.000000000 1.000000000
0.816291094 -0.033506136 0.576668203 0.446627395 0.036295220 0.999318719 0.006686423 -0.021313643 -0.576499403 0.015472233 0.816951096 -0.704160604 0.000000000 0.000000000 0.000000000 1.000000000
0.811681092 -0.035052955 0.583048046 0.454139530 0.037511431 0.999265313 0.007855071 -0.021037687 -0.582895041 0.015495155 0.812399685 -0.734552955 0.000000000 0.000000000 0.000000000 1.000000000
0.807091355 -0.036708232 0.589284301 0.461673516 0.039044533 0.999199033 0.008767117 -0.020708288 -0.589134157 0.015932467 0.807878137 -0.766081805 0.000000000 0.000000000 0.000000000 1.000000000
0.802374840 -0.038353588 0.595586836 0.469358069 0.040905762 0.999120355 0.009231394 -0.019510479 -0.595416963 0.016955893 0.803237915 -0.798982888 0.000000000 0.000000000 0.000000000 1.000000000
0.797454536 -0.039686047 0.602072477 0.476128417 0.042442985 0.999052405 0.009636865 -0.018259424 -0.601884425 0.017868791 0.798383296 -0.832199157 0.000000000 0.000000000 0.000000000 1.000000000
0.792233884 -0.041145116 0.608828843 0.481224999 0.044312518 0.998969138 0.009849768 -0.015931124 -0.608606517 0.019175420 0.793240428 -0.865298677 0.000000000 0.000000000 0.000000000 1.000000000
0.786855221 -0.042265955 0.615688622 0.486286832 0.045807939 0.998899937 0.010029815 -0.013836628 -0.615435243 0.020311415 0.787925720 -0.898855955 0.000000000 0.000000000 0.000000000 1.000000000
0.781359553 -0.043358453 0.622573137 0.490145560 0.047442906 0.998823702 0.010018875 -0.011171029 -0.622275233 0.021708338 0.782497466 -0.931468758 0.000000000 0.000000000 0.000000000 1.000000000
0.776028872 -0.044242810 0.629143655 0.494078528 0.048702646 0.998761654 0.010162001 -0.008686652 -0.628814161 0.022754956 0.777222633 -0.964188107 0.000000000 0.000000000 0.000000000 1.000000000
0.771355629 -0.045275696 0.634791791 0.498074658 0.050131276 0.998689353 0.010314112 -0.005442419 -0.634426773 0.023867074 0.772614419 -0.996184512 0.000000000 0.000000000 0.000000000 1.000000000
0.767022610 -0.046414997 0.639939070 0.503055687 0.051711291 0.998607397 0.010448859 -0.002471226 -0.639532864 0.025077565 0.768354595 -1.028255805 0.000000000 0.000000000 0.000000000 1.000000000
0.762564063 -0.047627397 0.645157099 0.507834494 0.053428378 0.998515844 0.010561996 -0.000044944 -0.644702613 0.026415497 0.763976932 -1.060818504 0.000000000 0.000000000 0.000000000 1.000000000
0.758155763 -0.048899233 0.650237441 0.513325589 0.055152688 0.998419762 0.010777037 0.001639747 -0.649736881 0.027691672 0.759654582 -1.093987866 0.000000000 0.000000000 0.000000000 1.000000000
0.753953755 -0.050492823 0.654984117 0.519653596 0.057317067 0.998295605 0.010980952 0.003880377 -0.654422283 0.029262638 0.755562842 -1.126855188 0.000000000 0.000000000 0.000000000 1.000000000
0.750295162 -0.051603470 0.659085929 0.527479582 0.058847222 0.998204589 0.011163999 0.005493464 -0.658478737 0.030409083 0.751984775 -1.160145227 0.000000000 0.000000000 0.000000000 1.000000000
0.747435987 -0.052371547 0.662266314 0.536209634 0.060087610 0.998131216 0.011116420 0.007854065 -0.661610842 0.031485189 0.749186039 -1.193052565 0.000000000 0.000000000 0.000000000 1.000000000
0.744878888 -0.052760057 0.665110409 0.544531970 0.060891699 0.998084009 0.010978672 0.011260779 -0.664415300 0.032321922 0.746664345 -1.224689741 0.000000000 0.000000000 0.000000000 1.000000000
0.742376328 -0.052784588 0.667900562 0.551924908 0.061201345 0.998066425 0.010852055 0.013912007 -0.667181969 0.032820106 0.744171441 -1.255206297 0.000000000 0.000000000 0.000000000 1.000000000
0.739906013 -0.052699201 0.670642853 0.558737193 0.061456308 0.998053253 0.010623708 0.016598065 -0.669897139 0.033354688 0.741704285 -1.285269032 0.000000000 0.000000000 0.000000000 1.000000000
0.737460613 -0.052511003 0.673345685 0.564738848 0.061606951 0.998046696 0.010359809 0.018675190 -0.672574461 0.033842824 0.739255190 -1.315294689 0.000000000 0.000000000 0.000000000 1.000000000
0.735099971 -0.051947240 0.675965667 0.570190422 0.061673593 0.998049915 0.009630198 0.020179496 -0.675147712 0.034610074 0.736870229 -1.346283938 0.000000000 0.000000000 0.000000000 1.000000000
0.733146727 -0.051221848 0.678138793 0.575989565 0.061865676 0.998048306 0.008501591 0.021842082 -0.677250683 0.035720598 0.734884679 -1.378028948 0.000000000 0.000000000 0.000000000 1.000000000
0.731703162 -0.050148714 0.679776132 0.581967217 0.061798722 0.998063326 0.007110092 0.022600676 -0.678816199 0.036806818 0.733385205 -1.410330473 0.000000000 0.000000000 0.000000000 1.000000000
0.730229855 -0.049084291 0.681436062 0.587571175 0.061826732 0.998070955 0.005637921 0.023685676 -0.680398285 0.038013987 0.731855929 -1.443052006 0.000000000 0.000000000 0.000000000 1.000000000
0.728571296 -0.047612209 0.683313251 0.592380433 0.061470013 0.998100877 0.004004754 0.024536083 -0.682206213 0.039085526 0.730114341 -1.476452839 0.000000000 0.000000000 0.000000000 1.000000000
0.726688743 -0.046106923 0.685417831 0.596202487 0.061365981 0.998113155 0.002080422 0.026157329 -0.684220493 0.040549517 0.728147030 -1.510311383 0.000000000 0.000000000 0.000000000 1.000000000
0.724637270 -0.044307053 0.687704682 0.599130875 0.060849831 0.998146892 0.000190333 0.027771077 -0.686438739 0.041708793 0.725990534 -1.543839888 0.000000000 0.000000000 0.000000000 1.000000000
0.722645223 -0.042703304 0.689898789 0.601922142 0.060477640 0.998168349 -0.001563690 0.029935453 -0.688568354 0.042853445 0.723904133 -1.577000338 0.000000000 0.000000000 0.000000000 1.000000000
0.720973730 -0.041374628 0.691726089 0.605320832 0.059975229 0.998195946 -0.002805421 0.031335917 -0.690362096 0.043509066 0.722154498 -1.609403150 0.000000000 0.000000000 0.000000000 1.000000000
0.719349861 -0.040459838 0.693468690 0.608794264 0.059869673 0.998198748 -0.003865036 0.033857811 -0.692063153 0.044298057 0.720476389 -1.641135203 0.000000000 0.000000000 0.000000000 1.000000000
0.717691123 -0.039817624 0.695222259 0.613368449 0.059934329 0.998191237 -0.004701708 0.035914537 -0.693777561 0.045042057 0.718779445 -1.673277216 0.000000000 0.000000000 0.000000000 1.000000000
0.715966403 -0.039304417 0.697027504 0.619458405 0.060131915 0.998175383 -0.005480022 0.037573114 -0.695540309 0.045837108 0.717023492 -1.706045158 0.000000000 0.000000000 0.000000000 1.000000000
0.714497268 -0.039221853 0.698538005 0.627213919 0.060654417 0.998140812 -0.005996069 0.039080310 -0.697004139 0.046653591 0.715547860 -1.739905511 0.000000000 0.000000000 0.000000000 1.000000000
0.713769317 -0.039199300 0.699283063 0.637379772 0.060906887 0.998124063 -0.006217365 0.039710013 -0.697727561 0.047028918 0.714817822 -1.773649763 0.000000000 0.000000000 0.000000000 1.000000000
0.713461101 -0.039203297 0.699597299 0.648823065 0.060876235 0.998126388 -0.006150655 0.040361595 -0.698045373 0.046977103 0.714510858 -1.806704076 0.000000000 0.000000000 0.000000000 1.000000000
0.713392079 -0.039141871 0.699671090 0.661957309 0.060887281 0.998125136 -0.006242958 0.041757913 -0.698114991 0.047054749 0.714437783 -1.840514802 0.000000000 0.000000000 0.000000000 1.000000000
0.713299036 -0.039019741 0.699772775 0.674002656 0.060663093 0.998139203 -0.006178854 0.043245586 -0.698229551 0.046857752 0.714338779 -1.873048515 0.000000000 0.000000000 0.000000000 1.000000000
0.713265836 -0.038629994 0.699828267 0.685730326 0.059940729 0.998183966 -0.005992657 0.043027541 -0.698325872 0.046222575 0.714285970 -1.905011733 0.000000000 0.000000000 0.000000000 1.000000000
0.713172078 -0.038121987 0.699951589 0.695322768 0.059270769 0.998223782 -0.006023256 0.044274643 -0.698478699 0.045782290 0.714164853 -1.936009473 0.000000000 0.000000000 0.000000000 1.000000000
0.713132799 -0.037400734 0.700030625 0.703833816 0.058426596 0.998272538 -0.006185151 0.044475549 -0.698589981 0.045311239 0.714086056 -1.966395995 0.000000000 0.000000000 0.000000000 1.000000000
0.713146985 -0.036396585 0.700069010 0.711643942 0.057335973 0.998333752 -0.006503698 0.043638893 -0.698665857 0.044777233 0.714045525 -1.997131711 0.000000000 0.000000000 0.000000000 1.000000000
0.713228762 -0.035317488 0.700040996 0.718595753 0.056292284 0.998389900 -0.006983379 0.042729342 -0.698667228 0.044387653 0.714068532 -2.028120965 0.000000000 0.000000000 0.000000000 1.000000000
0.713578880 -0.034212627 0.699739039 0.725522552 0.055292092 0.998441517 -0.007568483 0.041330032 -0.698389590 0.044090744 0.714358449 -2.059435886 0.000000000 0.000000000 0.000000000 1.000000000
0.714658260 -0.033121727 0.698689163 0.734444715 0.054725438 0.998464048 -0.008643518 0.041310850 -0.697329700 0.044413231 0.715373158 -2.091008097 0.000000000 0.000000000 0.000000000 1.000000000
0.716253400 -0.031657685 0.697121799 0.744364250 0.053701900 0.998508632 -0.009831419 0.040557794 -0.695770919 0.044478554 0.716885269 -2.122411967 0.000000000 0.000000000 0.000000000 1.000000000
0.718015015 -0.029824130 0.695388317 0.754608797 0.052273013 0.998570621 -0.011146734 0.040201707 -0.694061935 0.044353567 0.718547702 -2.153607480 0.000000000 0.000000000 0.000000000 1.000000000
0.719802916 -0.028110914 0.693609059 0.764199814 0.050766069 0.998635948 -0.012210043 0.040464938 -0.692319691 0.044000629 0.720248163 -2.183089750 0.000000000 0.000000000 0.000000000 1.000000000
0.721849978 -0.026667329 0.691535592 0.774435540 0.049615491 0.998680115 -0.013278869 0.042058862 -0.690268695 0.043896228 0.722220361 -2.211895584 0.000000000 0.000000000 0.000000000 1.000000000
0.725148857 -0.025410244 0.688123167 0.788991455 0.048380937 0.998729348 -0.014104194 0.043368127 -0.686890423 0.043519683 0.725456834 -2.238264657 0.000000000 0.000000000 0.000000000 1.000000000
0.729787886 -0.024444273 0.683236539 0.807891591 0.047127753 0.998782098 -0.014605135 0.044255359 -0.682047367 0.042858053 0.730051041 -2.261572900 0.000000000 0.000000000 0.000000000 1.000000000
0.734972060 -0.023882655 0.677676678 0.828646366 0.046190605 0.998821557 -0.014895442 0.044798976 -0.676522315 0.042250030 0.735209107 -2.283561641 0.000000000 0.000000000 0.000000000 1.000000000
0.740205169 -0.023436395 0.671972513 0.850824616 0.045484856 0.998848379 -0.015266577 0.045464726 -0.670840859 0.041864973 0.740418732 -2.305830610 0.000000000 0.000000000 0.000000000 1.000000000
0.745335698 -0.023089256 0.666289449 0.873643645 0.044859026 0.998872042 -0.015566535 0.045504447 -0.665178478 0.041491389 0.745530725 -2.328290381 0.000000000 0.000000000 0.000000000 1.000000000
0.750725806 -0.023218159 0.660205781 0.898244270 0.044549633 0.998886466 -0.015528879 0.045381944 -0.659110069 0.041069858 0.750924230 -2.350365230 0.000000000 0.000000000 0.000000000 1.000000000
0.757149279 -0.024000330 0.652800858 0.927069021 0.044673517 0.998887658 -0.015090189 0.046151801 -0.651712537 0.040588435 0.757379234 -2.370453261 0.000000000 0.000000000 0.000000000 1.000000000
0.764175057 -0.024983490 0.644524872 0.959745863 0.044810388 0.998891592 -0.014409349 0.046007362 -0.643450499 0.039892677 0.764447570 -2.389049317 0.000000000 0.000000000 0.000000000 1.000000000
0.771136045 -0.026138837 0.636133552 0.992306707 0.044992819 0.998896122 -0.013496542 0.046638719 -0.635078609 0.039029114 0.771460891 -2.405951559 0.000000000 0.000000000 0.000000000 1.000000000
0.777927816 -0.027094228 0.627769232 1.024323278 0.044942938 0.998910367 -0.012580513 0.046490264 -0.626744330 0.038000524 0.778297842 -2.421728992 0.000000000 0.000000000 0.000000000 1.000000000
0.784360826 -0.027766736 0.619683087 1.054496918 0.044460736 0.998944759 -0.011515280 0.045141370 -0.618709385 0.036583699 0.784767687 -2.436459944 0.000000000 0.000000000 0.000000000 1.000000000
0.790712416 -0.028376281 0.611529768 1.084771269 0.044162922 0.998966515 -0.010748808 0.045512412 -0.610592782 0.035506159 0.791148424 -2.450889179 0.000000000 0.000000000 0.000000000 1.000000000
0.797071934 -0.028949484 0.603190064 1.115074832 0.044007219 0.998979092 -0.010207383 0.046143003 -0.602278709 0.034680735 0.797532201 -2.464916656 0.000000000 0.000000000 0.000000000 1.000000000
0.803768516 -0.029566700 0.594207048 1.147116935 0.043964125 0.998985410 -0.009761375 0.046696829 -0.593315542 0.033969678 0.804252923 -2.478213529 0.000000000 0.000000000 0.000000000 1.000000000
0.810686886 -0.029800063 0.584721088 1.180228338 0.043430917 0.999013126 -0.009300536 0.045286435 -0.583866894 0.032934792 0.811181068 -2.490570827 0.000000000 0.000000000 0.000000000 1.000000000
0.810686886 -0.029800063 0.584721088 1.180228338 0.043430917 0.999013126 -0.009300536 0.045286435 -0.583866894 0.032934792 0.811181068 -2.490570827 0.000000000 0.000000000 0.000000000 1.000000000
0.803768516 -0.029566700 0.594207048 1.147116935 0.043964125 0.998985410 -0.009761375 0.046696829 -0.593315542 0.033969678 0.804252923 -2.478213529 0.000000000 0.000000000 0.000000000 1.000000000
0.797071934 -0.028949484 0.603190064 1.115074832 0.044007219 0.998979092 -0.010207383 0.046143003 -0.602278709 0.034680735 0.797532201 -2.464916656 0.000000000 0.000000000 0.000000000 1.000000000
0.790712416 -0.028376281 0.611529768 1.084771269 0.044162922 0.998966515 -0.010748808 0.045512412 -0.610592782 0.035506159 0.791148424 -2.450889179 0.000000000 0.000000000 0.000000000 1.000000000
0.784360826 -0.027766736 0.619683087 1.054496918 0.044460736 0.998944759 -0.011515280 0.045141370 -0.618709385 0.036583699 0.784767687 -2.436459944 0.000000000 0.000000000 0.000000000 1.000000000
0.777927816 -0.027094228 0.627769232 1.024323278 0.044942938 0.998910367 -0.012580513 0.046490264 -0.626744330 0.038000524 0.778297842 -2.421728992 0.000000000 0.000000000 0.000000000 1.000000000
0.771136045 -0.026138837 0.636133552 0.992306707 0.044992819 0.998896122 -0.013496542 0.046638719 -0.635078609 0.039029114 0.771460891 -2.405951559 0.000000000 0.000000000 0.000000000 1.000000000
0.764175057 -0.024983490 0.644524872 0.959745863 0.044810388 0.998891592 -0.014409349 0.046007362 -0.643450499 0.039892677 0.764447570 -2.389049317 0.000000000 0.000000000 0.000000000 1.000000000
0.757149279 -0.024000330 0.652800858 0.927069021 0.044673517 0.998887658 -0.015090189 0.046151801 -0.651712537 0.040588435 0.757379234 -2.370453261 0.000000000 0.000000000 0.000000000 1.000000000
0.750725806 -0.023218159 0.660205781 0.898244270 0.044549633 0.998886466 -0.015528879 0.045381944 -0.659110069 0.041069858 0.750924230 -2.350365230 0.000000000 0.000000000 0.000000000 1.000000000
0.745335698 -0.023089256 0.666289449 0.873643645 0.044859026 0.998872042 -0.015566535 0.045504447 -0.665178478 0.041491389 0.745530725 -2.328290381 0.000000000 0.000000000 0.000000000 1.000000000
0.740205169 -0.023436395 0.671972513 0.850824616 0.045484856 0.998848379 -0.015266577 0.045464726 -0.670840859 0.041864973 0.740418732 -2.305830610 0.000000000 0.000000000 0.000000000 1.000000000
0.734972060 -0.023882655 0.677676678 0.828646366 0.046190605 0.998821557 -0.014895442 0.044798976 -0.676522315 0.042250030 0.735209107 -2.283561641 0.000000000 0.000000000 0.000000000 1.000000000
0.729787886 -0.024444273 0.683236539 0.807891591 0.047127753 0.998782098 -0.014605135 0.044255359 -0.682047367 0.042858053 0.730051041 -2.261572900 0.000000000 0.000000000 0.000000000 1.000000000
0.725148857 -0.025410244 0.688123167 0.788991455 0.048380937 0.998729348 -0.014104194 0.043368127 -0.686890423 0.043519683 0.725456834 -2.238264657 0.000000000 0.000000000 0.000000000 1.000000000
0.721849978 -0.026667329 0.691535592 0.774435540 0.049615491 0.998680115 -0.013278869 0.042058862 -0.690268695 0.043896228 0.722220361 -2.211895584 0.000000000 0.000000000 0.000000000 1.000000000
0.719802916 -0.028110914 0.693609059 0.764199814 0.050766069 0.998635948 -0.012210043 0.040464938 -0.692319691 0.044000629 0.720248163 -2.183089750 0.000000000 0.000000000 0.000000000 1.000000000
0.718015015 -0.029824130 0.695388317 0.754608797 0.052273013 0.998570621 -0.011146734 0.040201707 -0.694061935 0.044353567 0.718547702 -2.153607480 0.000000000 0.000000000 0.000000000 1.000000000
0.716253400 -0.031657685 0.697121799 0.744364250 0.053701900 0.998508632 -0.009831419 0.040557794 -0.695770919 0.044478554 0.716885269 -2.122411967 0.000000000 0.000000000 0.000000000 1.000000000
0.714658260 -0.033121727 0.698689163 0.734444715 0.054725438 0.998464048 -0.008643518 0.041310850 -0.697329700 0.044413231 0.715373158 -2.091008097 0.000000000 0.000000000 0.000000000 1.000000000
0.713578880 -0.034212627 0.699739039 0.725522552 0.055292092 0.998441517 -0.007568483 0.041330032 -0.698389590 0.044090744 0.714358449 -2.059435886 0.000000000 0.000000000 0.000000000 1.000000000
0.713228762 -0.035317488 0.700040996 0.718595753 0.056292284 0.998389900 -0.006983379 0.042729342 -0.698667228 0.044387653 0.714068532 -2.028120965 0.000000000 0.000000000 0.000000000 1.000000000
0.713146985 -0.036396585 0.700069010 0.711643942 0.057335973 0.998333752 -0.006503698 0.043638893 -0.698665857 0.044777233 0.714045525 -1.997131711 0.000000000 0.000000000 0.000000000 1.000000000
0.713132799 -0.037400734 0.700030625 0.703833816 0.058426596 0.998272538 -0.006185151 0.044475549 -0.698589981 0.045311239 0.714086056 -1.966395995 0.000000000 0.000000000 0.000000000 1.000000000
0.713172078 -0.038121987 0.699951589 0.695322768 0.059270769 0.998223782 -0.006023256 0.044274643 -0.698478699 0.045782290 0.714164853 -1.936009473 0.000000000 0.000000000 0.000000000 1.000000000
0.713265836 -0.038629994 0.699828267 0.685730326 0.059940729 0.998183966 -0.005992657 0.043027541 -0.698325872 0.046222575 0.714285970 -1.905011733 0.000000000 0.000000000 0.000000000 1.000000000
0.713299036 -0.039019741 0.699772775 0.674002656 0.060663093 0.998139203 -0.006178854 0.043245586 -0.698229551 0.046857752 0.714338779 -1.873048515 0.000000000 0.000000000 0.000000000 1.000000000
0.713392079 -0.039141871 0.699671090 0.661957309 0.060887281 0.998125136 -0.006242958 0.041757913 -0.698114991 0.047054749 0.714437783 -1.840514802 0.000000000 0.000000000 0.000000000 1.000000000
0.713461101 -0.039203297 0.699597299 0.648823065 0.060876235 0.998126388 -0.006150655 0.040361595 -0.698045373 0.046977103 0.714510858 -1.806704076 0.000000000 0.000000000 0.000000000 1.000000000
0.713769317 -0.039199300 0.699283063 0.637379772 0.060906887 0.998124063 -0.006217365 0.039710013 -0.697727561 0.047028918 0.714817822 -1.773649763 0.000000000 0.000000000 0.000000000 1.000000000
0.714497268 -0.039221853 0.698538005 0.627213919 0.060654417 0.998140812 -0.005996069 0.039080310 -0.697004139 0.046653591 0.715547860 -1.739905511 0.000000000 0.000000000 0.000000000 1.000000000
0.715966403 -0.039304417 0.697027504 0.619458405 0.060131915 0.998175383 -0.005480022 0.037573114 -0.695540309 0.045837108 0.717023492 -1.706045158 0.000000000 0.000000000 0.000000000 1.000000000
0.717691123 -0.039817624 0.695222259 0.613368449 0.059934329 0.998191237 -0.004701708 0.035914537 -0.693777561 0.045042057 0.718779445 -1.673277216 0.000000000 0.000000000 0.000000000 1.000000000
0.719349861 -0.040459838 0.693468690 0.608794264 0.059869673 0.998198748 -0.003865036 0.033857811 -0.692063153 0.044298057 0.720476389 -1.641135203 0.000000000 0.000000000 0.000000000 1.000000000
0.720973730 -0.041374628 0.691726089 0.605320832 0.059975229 0.998195946 -0.002805421 0.031335917 -0.690362096 0.043509066 0.722154498 -1.609403150 0.000000000 0.000000000 0.000000000 1.000000000
0.722645223 -0.042703304 0.689898789 0.601922142 0.060477640 0.998168349 -0.001563690 0.029935453 -0.688568354 0.042853445 0.723904133 -1.577000338 0.000000000 0.000000000 0.000000000 1.000000000
0.724637270 -0.044307053 0.687704682 0.599130875 0.060849831 0.998146892 0.000190333 0.027771077 -0.686438739 0.041708793 0.725990534 -1.543839888 0.000000000 0.000000000 0.000000000 1.000000000
0.726688743 -0.046106923 0.685417831 0.596202487 0.061365981 0.998113155 0.002080422 0.026157329 -0.684220493 0.040549517 0.728147030 -1.510311383 0.000000000 0.000000000 0.000000000 1.000000000
0.728571296 -0.047612209 0.683313251 0.592380433 0.061470013 0.998100877 0.004004754 0.024536083 -0.682206213 0.039085526 0.730114341 -1.476452839 0.000000000 0.000000000 0.000000000 1.000000000
0.730229855 -0.049084291 0.681436062 0.587571175 0.061826732 0.998070955 0.005637921 0.023685676 -0.680398285 0.038013987 0.731855929 -1.443052006 0.000000000 0.000000000 0.000000000 1.000000000
0.731703162 -0.050148714 0.679776132 0.581967217 0.061798722 0.998063326 0.007110092 0.022600676 -0.678816199 0.036806818 0.733385205 -1.410330473 0.000000000 0.000000000 0.000000000 1.000000000
0.733146727 -0.051221848 0.678138793 0.575989565 0.061865676 0.998048306 0.008501591 0.021842082 -0.677250683 0.035720598 0.734884679 -1.378028948 0.000000000 0.000000000 0.000000000 1.000000000
0.735099971 -0.051947240 0.675965667 0.570190422 0.061673593 0.998049915 0.009630198 0.020179496 -0.675147712 0.034610074 0.736870229 -1.346283938 0.000000000 0.000000000 0.000000000 1.000000000
0.737460613 -0.052511003 0.673345685 0.564738848 0.061606951 0.998046696 0.010359809 0.018675190 -0.672574461 0.033842824 0.739255190 -1.315294689 0.000000000 0.000000000 0.000000000 1.000000000
0.739906013 -0.052699201 0.670642853 0.558737193 0.061456308 0.998053253 0.010623708 0.016598065 -0.669897139 0.033354688 0.741704285 -1.285269032 0.000000000 0.000000000 0.000000000 1.000000000
0.742376328 -0.052784588 0.667900562 0.551924908 0.061201345 0.998066425 0.010852055 0.013912007 -0.667181969 0.032820106 0.744171441 -1.255206297 0.000000000 0.000000000 0.000000000 1.000000000
0.744878888 -0.052760057 0.665110409 0.544531970 0.060891699 0.998084009 0.010978672 0.011260779 -0.664415300 0.032321922 0.746664345 -1.224689741 0.000000000 0.000000000 0.000000000 1.000000000
0.747435987 -0.052371547 0.662266314 0.536209634 0.060087610 0.998131216 0.011116420 0.007854065 -0.661610842 0.031485189 0.749186039 -1.193052565 0.000000000 0.000000000 0.000000000 1.000000000
0.750295162 -0.051603470 0.659085929 0.527479582 0.058847222 0.998204589 0.011163999 0.005493464 -0.658478737 0.030409083 0.751984775 -1.160145227 0.000000000 0.000000000 0.000000000 1.000000000
0.753953755 -0.050492823 0.654984117 0.519653596 0.057317067 0.998295605 0.010980952 0.003880377 -0.654422283 0.029262638 0.755562842 -1.126855188 0.000000000 0.000000000 0.000000000 1.000000000
0.758155763 -0.048899233 0.650237441 0.513325589 0.055152688 0.998419762 0.010777037 0.001639747 -0.649736881 0.027691672 0.759654582 -1.093987866 0.000000000 0.000000000 0.000000000 1.000000000
0.762564063 -0.047627397 0.645157099 0.507834494 0.053428378 0.998515844 0.010561996 -0.000044944 -0.644702613 0.026415497 0.763976932 -1.060818504 0.000000000 0.000000000 0.000000000 1.000000000
0.767022610 -0.046414997 0.639939070 0.503055687 0.051711291 0.998607397 0.010448859 -0.002471226 -0.639532864 0.025077565 0.768354595 -1.028255805 0.000000000 0.000000000 0.000000000 1.000000000
0.771355629 -0.045275696 0.634791791 0.498074658 0.050131276 0.998689353 0.010314112 -0.005442419 -0.634426773 0.023867074 0.772614419 -0.996184512 0.000000000 0.000000000 0.000000000 1.000000000
0.776028872 -0.044242810 0.629143655 0.494078528 0.048702646 0.998761654 0.010162001 -0.008686652 -0.628814161 0.022754956 0.777222633 -0.964188107 0.000000000 0.000000000 0.000000000 1.000000000
0.781359553 -0.043358453 0.622573137 0.490145560 0.047442906 0.998823702 0.010018875 -0.011171029 -0.622275233 0.021708338 0.782497466 -0.931468758 0.000000000 0.000000000 0.000000000 1.000000000
0.786855221 -0.042265955 0.615688622 0.486286832 0.045807939 0.998899937 0.010029815 -0.013836628 -0.615435243 0.020311415 0.787925720 -0.898855955 0.000000000 0.000000000 0.000000000 1.000000000
0.792233884 -0.041145116 0.608828843 0.481224999 0.044312518 0.998969138 0.009849768 -0.015931124 -0.608606517 0.019175420 0.793240428 -0.865298677 0.000000000 0.000000000 0.000000000 1.000000000
0.797454536 -0.039686047 0.602072477 0.476128417 0.042442985 0.999052405 0.009636865 -0.018259424 -0.601884425 0.017868791 0.798383296 -0.832199157 0.000000000 0.000000000 0.000000000 1.000000000
0.802374840 -0.038353588 0.595586836 0.469358069 0.040905762 0.999120355 0.009231394 -0.019510479 -0.595416963 0.016955893 0.803237915 -0.798982888 0.000000000 0.000000000 0.000000000 1.000000000
0.807091355 -0.036708232 0.589284301 0.461673516 0.039044533 0.999199033 0.008767117 -0.020708288 -0.589134157 0.015932467 0.807878137 -0.766081805 0.000000000 0.000000000 0.000000000 1.000000000
0.811681092 -0.035052955 0.583048046 0.454139530 0.037511431 0.999265313 0.007855071 -0.021037687 -0.582895041 0.015495155 0.812399685 -0.734552955 0.000000000 0.000000000 0.000000000 1.000000000
0.816291094 -0.033506136 0.576668203 0.446627395 0.036295220 0.999318719 0.006686423 -0.021313643 -0.576499403 0.015472233 0.816951096 -0.704160604 0.000000000 0.000000000 0.000000000 1.000000000
0.820945740 -0.031964533 0.570110857 0.439525746 0.035137638 0.999367714 0.005434431 -0.021983449 -0.569924057 0.015570975 0.821549833 -0.674951630 0.000000000 0.000000000 0.000000000 1.000000000
0.825537264 -0.030444343 0.563525856 0.431252941 0.034180127 0.999408007 0.003920584 -0.022280189 -0.563311577 0.016024796 0.826089144 -0.646596527 0.000000000 0.000000000 0.000000000 1.000000000
0.830442250 -0.029001649 0.556349337 0.423307946 0.033285249 0.999442995 0.002415781 -0.022872740 -0.556109488 0.016512059 0.830945015 -0.618477742 0.000000000 0.000000000 0.000000000 1.000000000
0.835486472 -0.027464544 0.548824191 0.414164974 0.032166265 0.999481976 0.001049221 -0.024101043 -0.548568726 0.016777014 0.835937142 -0.589987598 0.000000000 0.000000000 0.000000000 1.000000000
0.840573072 -0.025590396 0.541093409 0.404375081 0.030721102 0.999527872 -0.000452816 -0.025391223 -0.540826380 0.017003611 0.840962350 -0.561128052 0.000000000 0.000000000 0.000000000 1.000000000
0.845780909 -0.024051446 0.532988012 0.394544526 0.029483669 0.999563873 -0.001680652 -0.026003507 -0.532715142 0.017135905 0.846121132 -0.532174693 0.000000000 0.000000000 0.000000000 1.000000000
0.850893736 -0.022554519 0.524853468 0.383699539 0.028410073 0.999591529 -0.003103051 -0.025407542 -0.524569094 0.017551493 0.851186931 -0.502974503 0.000000000 0.000000000 0.000000000 1.000000000
0.856106877 -0.021366091 0.516356945 0.373787984 0.027696140 0.999606013 -0.004557281 -0.024282303 -0.516056120 0.018202614 0.856361330 -0.475102053 0.000000000 0.000000000 0.000000000 1.000000000
0.861468613 -0.020266883 0.507406235 0.365063416 0.027039608 0.999616444 -0.005980739 -0.023396683 -0.507090449 0.018872285 0.861686230 -0.447928154 0.000000000 0.000000000 0.000000000 1.000000000
0.867361844 -0.019476887 0.497296810 0.356881320 0.026505474 0.999623597 -0.007078832 -0.023179378 -0.496971756 0.019320996 0.867551625 -0.421762876 0.000000000 0.000000000 0.000000000 1.000000000
0.873832345 -0.018957455 0.485857636 0.349960102 0.026169345 0.999625027 -0.008062596 -0.022398958 -0.485522598 0.019759933 0.874000788 -0.396490763 0.000000000 0.000000000 0.000000000 1.000000000
0.880298018 -0.018777203 0.474049360 0.343408143 0.025981003 0.999625027 -0.008650713 -0.022777474 -0.473709166 0.019931482 0.880455792 -0.372229556 0.000000000 0.000000000 0.000000000 1.000000000
0.886574209 -0.018893780 0.462200373 0.336697198 0.026176861 0.999613583 -0.009349300 -0.023515523 -0.461845130 0.020387802 0.886726260 -0.348496747 0.000000000 0.000000000 0.000000000 1.000000000
0.892644167 -0.019128682 0.450355917 0.330318048 0.026500430 0.999598086 -0.010068617 -0.024568115 -0.449982315 0.020922318 0.892792344 -0.325091872 0.000000000 0.000000000 0.000000000 1.000000000
0.898549199 -0.019351015 0.438445926 0.323688494 0.026643446 0.999589980 -0.010485595 -0.026467289 -0.438063264 0.021103533 0.898696423 -0.301243316 0.000000000 0.000000000 0.000000000 1.000000000
0.904362559 -0.019888641 0.426301360 0.317520046 0.027055018 0.999576032 -0.010760779 -0.027887855 -0.425906599 0.021265237 0.904517174 -0.276732746 0.000000000 0.000000000 0.000000000 1.000000000
0.909842551 -0.020381920 0.414452732 0.310126035 0.027464395 0.999560773 -0.011135912 -0.029246649 -0.414043695 0.021514621 0.910002708 -0.252357521 0.000000000 0.000000000 0.000000000 1.000000000
0.915539622 -0.020928601 0.401682973 0.303318026 0.027838115 0.999547780 -0.011371559 -0.029161845 -0.401263326 0.021593209 0.915708184 -0.228090697 0.000000000 0.000000000 0.000000000 1.000000000
0.921176612 -0.021321392 0.388560265 0.294850653 0.027732281 0.999556005 -0.010897673 -0.028994014 -0.388155371 0.020814342 0.921358883 -0.204255679 0.000000000 0.000000000 0.000000000 1.000000000
0.926535308 -0.021665310 0.375583470 0.285057691 0.027509488 0.999569476 -0.010204201 -0.028420564 -0.375200689 0.019786661 0.926732421 -0.182094257 0.000000000 0.000000000 0.000000000 1.000000000
0.931612670 -0.022135612 0.362777948 0.274433972 0.027448969 0.999578059 -0.009497638 -0.027828876 -0.362414658 0.018806001 0.931827188 -0.161928561 0.000000000 0.000000000 0.000000000 1.000000000
0.936493933 -0.022744175 0.349945486 0.263555739 0.027729770 0.999572754 -0.009242309 -0.026781988 -0.349585772 0.018359276 0.936724484 -0.143293567 0.000000000 0.000000000 0.000000000 1.000000000
0.941100478 -0.023046300 0.337340683 0.252194153 0.027863385 0.999567151 -0.009444230 -0.026258977 -0.336977005 0.018287424 0.941335261 -0.127876539 0.000000000 0.000000000 0.000000000 1.000000000
0.945516407 -0.023493698 0.324725628 0.240723989 0.028224420 0.999552906 -0.009865122 -0.025526276 -0.324348688 0.018492827 0.945756793 -0.114072299 0.000000000 0.000000000 0.000000000 1.000000000
0.949710190 -0.024043296 0.312205762 0.228838689 0.028519375 0.999545395 -0.009778092 -0.025671122 -0.311828732 0.018190267 0.949964166 -0.102032427 0.000000000 0.000000000 0.000000000 1.000000000
0.953775525 -0.024272664 0.299538046 0.216402963 0.028546529 0.999543428 -0.009899910 -0.023987355 -0.299160987 0.017993063 0.954033017 -0.091496843 0.000000000 0.000000000 0.000000000 1.000000000
0.957784832 -0.024404692 0.286448300 0.202876036 0.028235827 0.999558508 -0.009250987 -0.022656637 -0.286096066 0.016948560 0.958051026 -0.081964257 0.000000000 0.000000000 0.000000000 1.000000000
0.961655021 -0.024426471 0.273172140 0.189801464 0.027857790 0.999574125 -0.008688711 -0.020763719 -0.272843570 0.015965514 0.961925924 -0.073833061 0.000000000 0.000000000 0.000000000 1.000000000
0.965297997 -0.024523931 0.259996742 0.176404160 0.027528772 0.999589622 -0.007921648 -0.019393085 -0.259695768 0.014804143 0.965577006 -0.066320024 0.000000000 0.000000000 0.000000000 1.000000000
0.968610048 -0.024234954 0.247400895 0.161401146 0.026967270 0.999606967 -0.007661010 -0.017667055 -0.247117981 0.014092258 0.968882918 -0.060017000 0.000000000 0.000000000 0.000000000 1.000000000
0.971798301 -0.024147358 0.234574094 0.146952357 0.026517667 0.999624133 -0.006955336 -0.016744993 -0.234317973 0.012979542 0.972073376 -0.053445865 0.000000000 0.000000000 0.000000000 1.000000000
0.974921286 -0.023501573 0.221305490 0.132387524 0.025647838 0.999647737 -0.006829157 -0.014739310 -0.221067026 0.012333898 0.975180626 -0.046765633 0.000000000 0.000000000 0.000000000 1.000000000
0.978057802 -0.022369793 0.207129255 0.117754959 0.024212649 0.999686539 -0.006366023 -0.012996274 -0.206921935 0.011241486 0.978292882 -0.041662982 0.000000000 0.000000000 0.000000000 1.000000000
0.981134295 -0.021177843 0.192163885 0.103520524 0.022591934 0.999731421 -0.005170417 -0.012897948 -0.192002773 0.009414228 0.981349230 -0.036379892 0.000000000 0.000000000 0.000000000 1.000000000
0.983969510 -0.019817011 0.177232146 0.089054909 0.020987250 0.999768555 -0.004730455 -0.010727055 -0.177097380 0.008374238 0.984157681 -0.031197517 0.000000000 0.000000000 0.000000000 1.000000000
0.986579418 -0.018593792 0.162220076 0.074398900 0.019480983 0.999802709 -0.003880002 -0.009599460 -0.162115932 0.006988137 0.986746967 -0.026410053 0.000000000 0.000000000 0.000000000 1.000000000
0.988990843 -0.017304193 0.146961331 0.060681794 0.017957950 0.999833882 -0.003122795 -0.008536812 -0.146882877 0.005727540 0.989137292 -0.021726330 0.000000000 0.000000000 0.000000000 1.000000000
